SNP	Chr	GenDist	ChrPos	PValue	SnpWeight	SnpWeightSE	NullLogDelta
snp1797	1	8980	17960	0.0005403939302664576	-0.051180648087196384	0.014744463504661546	0.0
snp1164	1	5815	11630	0.0016796077916590188	-0.04663077053587483	0.014802004175396895	0.0
snp2093	1	10460	20920	0.002936639771091069	0.04440183121609432	0.014891678660577097	0.0
csnp344	1	1715	3430	0.003281255686612782	0.04457396547447501	0.015124134662704023	0.0
snp9425	1	47120	94240	0.0034603589921108563	-0.0435207750501839	0.014850514367239614	0.0
csnp269	1	1340	2680	0.0037008725303319563	0.0431395145568218	0.0148272868363031	0.0
snp7578	1	37885	75770	0.0037677610260699003	0.04291558856581132	0.014779032324546392	0.0
snp3303	1	16510	33020	0.003904412819257882	0.04307407289714534	0.01489139782121498	0.0
csnp412	1	2055	4110	0.003993491433484907	-0.04254289136323261	0.014744225747359192	0.0
csnp112	1	555	1110	0.005183916945680992	-0.04237839616391734	0.015126668953307805	0.0
csnp356	1	1775	3550	0.005689846363179553	-0.041291323459373766	0.014900448138523849	0.0
snp8329	1	41640	83280	0.005782549855045906	0.04081926683796707	0.01475836776693034	0.0
snp4261	1	21300	42600	0.005865734306276099	0.04132709355243441	0.01496739552310763	0.0
snp6235	1	31170	62340	0.006112408985415014	-0.04036957406893167	0.014692900969433926	0.0
snp3922	1	19605	39210	0.006340456021371928	0.040707615631742036	0.014881612783780519	0.0
snp3796	1	18975	37950	0.007244792194236502	0.040454807634301086	0.015033835055404949	0.0
csnp85	1	420	840	0.007531098594182398	-0.04016907036363225	0.015000406032713099	0.0
csnp422	1	2105	4210	0.00770197026321175	-0.039895359160630105	0.01494047694070524	0.0
dsnp10566	1	52825	105650	0.008370990669543285	0.05187616625964887	0.019635219584694847	0.0
snp2441	1	12200	24400	0.008680368630248849	0.038923783472727805	0.014802210236287862	0.0
snp5274	1	26365	52730	0.010610402599132852	-0.03786231825446679	0.014789345832059295	0.0
snp4062	1	20305	40610	0.011663705016258546	0.037601135651005146	0.014880798478257117	0.0
snp10233	1	51160	102320	0.012034851625638892	-0.03738578791350262	0.014860817216870336	0.0
snp4266	1	21325	42650	0.012435516599923315	0.036905546174748054	0.014738112950635915	0.0
csnp211	1	1050	2100	0.012448023744878531	0.03758880250371488	0.015013115377323092	0.0
csnp441	1	2200	4400	0.012644076673537227	-0.037078136196130665	0.014842172104961514	0.0
snp3266	1	16325	32650	0.013342393762887738	0.03673980249756246	0.01482086502379482	0.0
snp2808	1	14035	28070	0.015001764301695275	-0.036194998399755436	0.014854948148207455	0.0
snp1159	1	5790	11580	0.01549599560247716	0.03624622380124367	0.0149484696323866	0.0
snp8958	1	44785	89570	0.01648936514825636	0.03613612574938158	0.01504440045595782	0.0
snp6721	1	33600	67200	0.01811731912582262	-0.035135373969167445	0.014843090615752537	0.0
csnp150	1	745	1490	0.018464202675913668	-0.03567325889708522	0.015115453757338549	0.0
snp5953	1	29760	59520	0.01858700496568861	0.03478847265325497	0.014756022288692008	0.0
csnp162	1	805	1610	0.018734742335817355	-0.03507429565034444	0.014895945650703613	0.0
snp4746	1	23725	47450	0.019243006284682767	-0.03482609569504154	0.01485375592627519	0.0
csnp300	1	1495	2990	0.019565688231847355	0.03479370289159458	0.014879559088360956	0.0
snp6682	1	33405	66810	0.02001203536273538	-0.03451740426786049	0.014815180834673201	0.0
csnp478	1	2385	4770	0.020528250320877964	-0.03446337394853585	0.014853276937985936	0.0
snp4159	1	20790	41580	0.02151306373034818	-0.034332435770465325	0.014911034105901479	0.0
csnp459	1	2290	4580	0.02244538287572561	-0.0338562200442227	0.014808265018259522	0.0
snp10434	1	52165	104330	0.023061351679574328	0.03380036224322553	0.014851203496184968	0.0
snp2864	1	14315	28630	0.023931516081463412	0.03353151835224955	0.014825895133871614	0.0
csnp334	1	1665	3330	0.025377567909626888	0.03318906468491243	0.014823339173876241	0.0
snp8444	1	42215	84430	0.025487741052668746	-0.0330812781295826	0.014786319566641446	0.0
snp8595	1	42970	85940	0.02588976039090575	0.03314660507190928	0.01485597043873009	0.0
snp1908	1	9535	19070	0.028658422821993983	0.03255199850415321	0.014854879333144777	0.0
snp858	1	4285	8570	0.029338162338528883	-0.03270099585704799	0.014986313969991782	0.0
snp5442	1	27205	54410	0.0297006660119956	-0.0327035810912905	0.015021034468874024	0.0
snp9377	1	46880	93760	0.03145327645471281	-0.032225949218906924	0.014958682824596432	0.0
snp4642	1	23205	46410	0.03312391935543015	0.03169303490822596	0.01485466108362787	0.0
snp10287	1	51430	102860	0.03334441272850816	0.032579897677411346	0.015289515976717516	0.0
snp1471	1	7350	14700	0.03339391713976254	-0.03165407928671832	0.014859211365900975	0.0
snp6911	1	34550	69100	0.033571845423663545	0.0317712789394899	0.014929266182292697	0.0
snp8965	1	44820	89640	0.0340586814388981	0.03144346971075877	0.01481576073621944	0.0
snp10378	1	51885	103770	0.03445206928812529	0.03134186617024265	0.01480033222224804	0.0
dsnp10550	1	52745	105490	0.037447089986710425	0.047477288732873345	0.02278573717825101	0.0
snp3813	1	19060	38120	0.03843268471708441	0.030979947915981583	0.014944806634693945	0.0
snp10186	1	50925	101850	0.03938530873931921	0.03083074558920222	0.014945697039809913	0.0
snp7187	1	35930	71860	0.040284444609798284	-0.031190957655794018	0.015189162107297184	0.0
snp8917	1	44580	89160	0.04057518647081307	0.030701016380032527	0.014972341406742393	0.0
csnp424	1	2115	4230	0.041411798301400154	-0.030686200412186067	0.015027339845246714	0.0
snp9315	1	46570	93140	0.04209212214393548	-0.030358903063835933	0.014916716526175485	0.0
snp6013	1	30060	60120	0.04210029925436863	0.030220929645894987	0.014849515885590657	0.0
snp809	1	4040	8080	0.04261220931411378	-0.030268639030611187	0.014909978885018913	0.0
snp3534	1	17665	35330	0.04299082078453292	0.030244573946648142	0.014925359152954943	0.0
snp4097	1	20480	40960	0.0435712140956153	-0.030260504258713187	0.014974790946021718	0.0
snp4983	1	24910	49820	0.04637111041944484	0.02967720162501592	0.014879638152496426	0.0
snp708	1	3535	7070	0.048677877612583374	-0.029329856606921233	0.014859432784088186	0.0
snp3492	1	17455	34910	0.04889346770958296	0.029935076638252938	0.015180583130034857	0.0
snp3484	1	17415	34830	0.04908907137647153	-0.029524568838554432	0.014985384740927402	0.0
snp3226	1	16125	32250	0.04961047739162432	-0.029027470217451046	0.014766988291030334	0.0
snp9545	1	47720	95440	0.052286684586817476	-0.029036751171162993	0.01494360910144625	0.0
snp3775	1	18870	37740	0.05241907217496003	0.029031476357958833	0.014949304839864607	0.0
snp2520	1	12595	25190	0.052963537088905464	0.028797474596096502	0.014863033202915552	0.0
snp958	1	4785	9570	0.055779778067769625	-0.028484084889843612	0.014874279520652421	0.0
snp6653	1	33260	66520	0.05609360073343553	-0.028311569120818007	0.01480314550177746	0.0
snp7061	1	35300	70600	0.05609413409822996	-0.02853093445049758	0.014917876513266363	0.0
snp3464	1	17315	34630	0.05641602744053769	-0.02854234523205603	0.014943399904471261	0.0
snp2581	1	12900	25800	0.05677731957175866	-0.028310649218564677	0.014843818202837571	0.0
snp7702	1	38505	77010	0.05681235147629146	-0.028173778154765353	0.014774147485799624	0.0
snp2347	1	11730	23460	0.05718560542657742	-0.0291143468176665	0.015290394108871338	0.0
snp7045	1	35220	70440	0.05722635162680221	-0.02803064942341394	0.014723669398677119	0.0
snp4284	1	21415	42830	0.05831617677269953	0.028237269460146368	0.014897060916759774	0.0
csnp35	1	170	340	0.05973480191320495	0.028337627023982584	0.015034069510487202	0.0
snp5724	1	28615	57230	0.061562139752152634	0.028237882680786242	0.015088001066393426	0.0
snp3259	1	16290	32580	0.06317306117185881	0.027743830853260626	0.014915653406142251	0.0
snp6901	1	34500	69000	0.06416585066004551	0.027824579636787812	0.01501529492204514	0.0
snp2532	1	12655	25310	0.06451255243888215	0.027714173329625558	0.014975203026977557	0.0
snp1046	1	5225	10450	0.0653025944565096	0.027629161420602767	0.014973405993044232	0.0
snp6356	1	31775	63550	0.06568363812827147	-0.027740823948019466	0.01505522986343651	0.0
csnp415	1	2070	4140	0.06648151145272357	-0.027411932218755077	0.014920694647745755	0.0
snp9949	1	49740	99480	0.06831431584593324	0.02721404835896404	0.014912574689562344	0.0
csnp432	1	2155	4310	0.06870179277521263	0.027162844883685533	0.014905418521250179	0.0
csnp283	1	1410	2820	0.06934378631731758	-0.02703899875256827	0.014871848541387508	0.0
snp7442	1	37205	74410	0.06961319949592366	0.026966765967010222	0.014846481869685114	0.0
snp8346	1	41725	83450	0.07012292736158682	-0.027018234067213685	0.014901993963337055	0.0
snp3335	1	16670	33340	0.07104504010309981	-0.026878269957260364	0.014873545392929557	0.0
snp1454	1	7265	14530	0.07252136463045665	0.026708399787563026	0.014856688094812132	0.0
snp9281	1	46400	92800	0.07277039746895222	-0.02676226438687364	0.01489964091237183	0.0
snp6769	1	33840	67680	0.07282562762308688	-0.026707566765910618	0.014872061747486223	0.0
snp10374	1	51865	103730	0.07295807652584378	-0.026662812733029218	0.014854016607030444	0.0
snp3434	1	17165	34330	0.073435208382898	0.026572119019139376	0.014828144736093174	0.0
snp7088	1	35435	70870	0.07363173910099252	-0.02676623138406964	0.014946680792165157	0.0
snp1929	1	9640	19280	0.07392793620808201	0.026435582090978467	0.01477723026181056	0.0
snp5985	1	29920	59840	0.07425213019619713	-0.026623160475531638	0.014898806111520614	0.0
snp1096	1	5475	10950	0.07544147320791643	-0.026247118110544657	0.014748657716785867	0.0
snp4245	1	21220	42440	0.07707962478756766	0.026370326942859706	0.014900857724761345	0.0
snp1997	1	9980	19960	0.07733108932727631	-0.02666007834259012	0.015077414025130489	0.0
snp5362	1	26805	53610	0.07800267466520842	-0.02623496187044014	0.014870649643927644	0.0
snp7799	1	38990	77980	0.07854911009490005	-0.026240077311007096	0.014900877602416292	0.0
dsnp10517	1	52580	105160	0.08085677155352163	0.03533151960893053	0.02021820745006675	0.0
snp9525	1	47620	95240	0.08274039919183428	-0.025828632138094207	0.014871830221284516	0.0
snp8516	1	42575	85150	0.08514221228427873	0.025532415638487866	0.01481590066108901	0.0
snp3038	1	15185	30370	0.08667299164189654	0.026010614011240607	0.015167359753961988	0.0
snp2384	1	11915	23830	0.08668755715210005	-0.026016409924878494	0.015171441839711008	0.0
dsnp10549	1	52740	105480	0.08769297646127211	0.03524379873999322	0.020617962881508013	0.0
snp6882	1	34405	68810	0.0879607169537042	0.02612864269991605	0.015298431418624907	0.0
snp593	1	2960	5920	0.09127221762792254	-0.02522419249570116	0.014922403362512842	0.0
snp7664	1	38315	76630	0.09195677595304029	0.02506767164086103	0.01486117870375039	0.0
snp3576	1	17875	35750	0.09291381005180789	0.024920522610885315	0.01481745133542637	0.0
snp6291	1	31450	62900	0.09306857364703405	0.02505939639359872	0.014907089165793667	0.0
snp9402	1	47005	94010	0.09435959304572236	0.024909011434686535	0.014876106953263798	0.0
snp6786	1	33925	67850	0.09469680250063324	-0.024669380694113084	0.014748092177293273	0.0
snp6791	1	33950	67900	0.09584617278536646	0.024765382931787	0.01485705151659541	0.0
snp1327	1	6630	13260	0.0969177513515234	0.024948074947466647	0.015014956121646479	0.0
snp2524	1	12615	25230	0.09747656637054886	-0.02490034121441784	0.015011323528706039	0.0
snp2722	1	13605	27210	0.09838603648001729	0.02447925643211272	0.014797557215436564	0.0
snp7979	1	39890	79780	0.0991209773133154	0.024879836031174395	0.015072570582410988	0.0
snp8583	1	42910	85820	0.10041086909554255	0.024520678262805448	0.014911714873922725	0.0
snp7478	1	37385	74770	0.10055687210720775	-0.024808141240110753	0.015093015750803672	0.0
snp4074	1	20365	40730	0.10093161639976454	0.0243131979463353	0.014808205475797767	0.0
snp7717	1	38580	77160	0.10202682880468773	0.024456510320256662	0.014943362649945538	0.0
snp7660	1	38295	76590	0.10209405201046363	0.02523780948932225	0.01542377899832532	0.0
snp4765	1	23820	47640	0.1026534901111841	-0.024214370195225432	0.014822484493614407	0.0
snp9110	1	45545	91090	0.10288912013200818	-0.024353312062087618	0.014917765604212046	0.0
snp8104	1	40515	81030	0.10403833890838714	-0.024260993685644286	0.014910853772014305	0.0
snp3350	1	16745	33490	0.1044756252644254	0.024276769496279046	0.01493942158965076	0.0
snp10499	1	52490	104980	0.10493133287489104	0.024201701849077266	0.014912816603249711	0.0
snp5919	1	29590	59180	0.10575796502247492	0.024061000419809374	0.01486140596062736	0.0
csnp239	1	1190	2380	0.10576884649291836	-0.02404043602610198	0.014849168026444941	0.0
snp1005	1	5020	10040	0.10588278978786776	0.024164549794740618	0.014930710810698267	0.0
snp7074	1	35365	70730	0.10828350848287116	-0.024019190026359136	0.014942893036250184	0.0
snp8783	1	43910	87820	0.10979618342079021	0.023555733706496676	0.014717389060126696	0.0
snp1600	1	7995	15990	0.1103928408856625	-0.024016679301008943	0.015030605737853258	0.0
csnp423	1	2110	4220	0.1118598050048866	-0.02357784552977096	0.014816749553849337	0.0
snp6084	1	30415	60830	0.11390594005261541	0.023605865501036476	0.014919021718547767	0.0
snp9048	1	45235	90470	0.11455373291542163	0.024423236856610714	0.015463284092652078	0.0
snp7644	1	38215	76430	0.11542311186811122	-0.023378570432075814	0.01483738837877179	0.0
snp6886	1	34425	68850	0.11590662968829994	0.023300603349686564	0.014807578818945687	0.0
snp6542	1	32705	65410	0.11601104927897544	0.02312325747589627	0.014699089729763774	0.0
snp2429	1	12140	24280	0.11604895838942132	0.023320057188095333	0.01482573515880084	0.0
snp7772	1	38855	77710	0.11672358386325746	-0.02347713539284254	0.01495322830071072	0.0
snp5596	1	27975	55950	0.1179836961628634	-0.023182960232596573	0.014816761959871966	0.0
snp4521	1	22600	45200	0.11812072330706745	0.023567777779681796	0.015068329914893087	0.0
snp6789	1	33940	67880	0.11817164479724662	-0.02339117696390417	0.014957491570792417	0.0
snp8486	1	42425	84850	0.12035752517589118	-0.023513683674426227	0.015125181821497838	0.0
snp9609	1	48040	96080	0.12054337753550409	0.023092263779675087	0.01486155430663543	0.0
snp6854	1	34265	68530	0.12092051391713976	0.02308079245158337	0.01486927905136878	0.0
snp1670	1	8345	16690	0.12141947175428199	0.023251168668498995	0.014999165310677305	0.0
snp5526	1	27625	55250	0.12188952622512472	-0.022992704579096915	0.014851170855644094	0.0
csnp142	1	705	1410	0.12352508089525607	-0.023079857489796837	0.014972841086103797	0.0
snp8670	1	43345	86690	0.12355042305326594	0.022889552161293767	0.014850386083671391	0.0
snp8240	1	41195	82390	0.12401215519718972	0.023023776026125993	0.014955860323614633	0.0
snp7402	1	37005	74010	0.1252897774045332	-0.02282838132935116	0.014879351623627001	0.0
snp2981	1	14900	29800	0.13030715561985917	0.02290032717843783	0.015124308322976543	0.0
snp4679	1	23390	46780	0.13356345587433513	0.022489338328110578	0.014978707191724581	0.0
csnp78	1	385	770	0.13455426686696317	0.02255303083588595	0.015059470067368963	0.0
snp4527	1	22630	45260	0.13541748556432714	0.02233708483506813	0.014948340307055398	0.0
snp2710	1	13545	27090	0.13612869927896754	-0.022241032926529215	0.014911173721187177	0.0
snp3008	1	15035	30070	0.13674795891374536	0.02219102519190484	0.014901192219787751	0.0
snp3668	1	18335	36670	0.13718431022805566	-0.0220966732989665	0.014854350849421438	0.0
snp7311	1	36550	73100	0.13726010804245728	-0.02209796902223232	0.014858090555804563	0.0
snp5822	1	29105	58210	0.1394865838340114	-0.022084053559854207	0.014932895335474271	0.0
snp10249	1	51240	102480	0.14028444601336593	0.021948822719067656	0.014871407191584043	0.0
snp10088	1	50435	100870	0.140938056366455	-0.02189852061180099	0.01486179834402966	0.0
snp7959	1	39790	79580	0.14120034620604827	0.021855303004744083	0.01484226767258074	0.0
snp1504	1	7515	15030	0.14171694387979017	-0.021809033406203018	0.014830102454740798	0.0
snp5091	1	25450	50900	0.14183081578551016	0.022144793261040813	0.015062728128190442	0.0
snp6498	1	32485	64970	0.14241667838438035	-0.021703854001392072	0.014784532476433023	0.0
snp3469	1	17340	34680	0.1427930627448299	-0.02175751304497987	0.01483507567716697	0.0
snp8334	1	41665	83330	0.1432313584642005	0.02187377177405485	0.01493072211114847	0.0
snp8252	1	41255	82510	0.1454944523545355	-0.021691615563994304	0.01489020247472479	0.0
snp6766	1	33825	67650	0.14667356023524614	0.02159540907554182	0.014867615141701736	0.0
snp10175	1	50870	101740	0.14847119181963087	0.021543675204513592	0.01489806197448259	0.0
snp3554	1	17765	35530	0.14857847975121757	0.021667631575541076	0.014987745992616368	0.0
snp5441	1	27200	54400	0.14926197725083687	0.021549048524258967	0.014930838112166249	0.0
snp1535	1	7670	15340	0.15046375595424988	-0.02180674386361091	0.015154072508560308	0.0
snp1961	1	9800	19600	0.15079721226091802	0.021947132357418186	0.015264108470334666	0.0
snp8262	1	41305	82610	0.15092060930155599	0.02152025449684594	0.014971744256935164	0.0
snp5609	1	28040	56080	0.15126090534194478	0.02144470966070462	0.014931627237707794	0.0
snp4258	1	21285	42570	0.1521717321573433	0.02127511453066304	0.014846570676582668	0.0
csnp173	1	860	1720	0.15272764059744562	-0.0214136557432886	0.014963538588615271	0.0
snp7638	1	38185	76370	0.1532473348629041	-0.021239429460518225	0.014860603430574722	0.0
snp3311	1	16550	33100	0.15325400379855195	-0.021365274711345406	0.014948896468463252	0.0
snp4154	1	20765	41530	0.15398104654574804	-0.021230586352829314	0.014880961879739118	0.0
snp4017	1	20080	40160	0.15415398143672213	0.02133168336411509	0.014958109228401852	0.0
snp8250	1	41245	82490	0.15511426556838784	-0.021188491464178612	0.014892372324237079	0.0
snp4427	1	22130	44260	0.157693361044276	0.021077044265521785	0.01490666431981968	0.0
snp7149	1	35740	71480	0.15784061358070706	0.021132212092895713	0.014950983592591085	0.0
snp2747	1	13730	27460	0.15821986129399201	-0.020818903762270625	0.014742771692075524	0.0
snp9652	1	48255	96510	0.15924792406625707	0.021087899531557285	0.014970199185038731	0.0
csnp59	1	290	580	0.15991916286609736	-0.020898314753902483	0.014859516476130983	0.0
snp8555	1	42770	85540	0.1606807510147179	-0.020868800894831313	0.014865613733719016	0.0
snp3143	1	15710	31420	0.1621048344462413	-0.020709442380492545	0.01480235615461531	0.0
snp6814	1	34065	68130	0.1623378277449934	0.021086994791051347	0.015080590368144343	0.0
snp4982	1	24905	49810	0.16310626983708676	-0.021010938484175366	0.015053716695186004	0.0
snp3890	1	19445	38890	0.16336452574396207	0.020805375155425035	0.014915595189979983	0.0
snp9557	1	47780	95560	0.16381656982660786	-0.020691103092736952	0.014849615916160512	0.0
snp9214	1	46065	92130	0.16389407881332888	0.020936339499617772	0.015028383721956317	0.0
snp9969	1	49840	99680	0.16448002058116648	-0.020831082308972487	0.014973636472017235	0.0
snp3871	1	19350	38700	0.1658512332344654	0.020614189840150423	0.014865926244877349	0.0
snp1116	1	5575	11150	0.16615940541816485	0.020671020739747952	0.014917772840991921	0.0
snp5166	1	25825	51650	0.16668226396960795	-0.020758742608254645	0.01499958990907759	0.0
csnp166	1	825	1650	0.16820458486751755	0.020526818727398474	0.014885312129562811	0.0
snp9555	1	47770	95540	0.16866530447518752	0.020525010693450994	0.014900134965144734	0.0
snp4885	1	24420	48840	0.16988803399654975	0.02032289240747085	0.014795813240920207	0.0
snp2957	1	14780	29560	0.17032757594417813	0.020444538369752775	0.014899714560116455	0.0
snp3001	1	15000	30000	0.17272363751534817	0.020161380467771522	0.014775843516390282	0.0
snp6883	1	34410	68820	0.17360549654007915	-0.02023878850600023	0.014863066889900915	0.0
snp8661	1	43300	86600	0.17389715178306037	0.020379990597980277	0.014976920773843445	0.0
snp4125	1	20620	41240	0.17401955475474767	-0.02022410863956051	0.014866596172591739	0.0
snp7971	1	39850	79700	0.17434597551455333	0.020308003274753718	0.014939595966023317	0.0
snp4547	1	22730	45460	0.17615413662727475	-0.020258813535922595	0.01496603988299857	0.0
snp2151	1	10750	21500	0.1769656204112291	-0.02018183405040407	0.014937187081378691	0.0
snp1173	1	5860	11720	0.1775717108635785	0.02010965942591463	0.014904623930040535	0.0
snp2770	1	13845	27690	0.17869647491432933	0.020400933649202507	0.015159784744101868	0.0
snp1137	1	5680	11360	0.18165560912153048	-0.020059761411746032	0.015007963293505747	0.0
csnp252	1	1255	2510	0.18274237696761386	0.019830743564233318	0.014873580873622077	0.0
snp4252	1	21255	42510	0.18497396071245395	0.01965269524084314	0.014815317753917144	0.0
snp1835	1	9170	18340	0.18518512035058085	0.019797627385400633	0.014931756119625645	0.0
snp8312	1	41555	83110	0.1885051692734818	0.01966734740010096	0.014945761980876469	0.0
snp1144	1	5715	11430	0.18912153580712454	0.019543021973571283	0.014872018261592335	0.0
snp5157	1	25780	51560	0.19037141151777473	-0.019523380980202006	0.014899099823841085	0.0
snp4461	1	22300	44600	0.191487291191357	0.01940443086215614	0.014845646138459656	0.0
snp10331	1	51650	103300	0.1914889128865671	-0.019610814599367758	0.015003597898406995	0.0
snp8101	1	40500	81000	0.19208011326934807	0.019344833778587405	0.014819828428933242	0.0
snp9069	1	45340	90680	0.19414591387622937	-0.019340551000640045	0.014885514158925993	0.0
snp4708	1	23535	47070	0.19433765741169326	-0.020313818097344175	0.015641320897478512	0.0
snp8799	1	43990	87980	0.19466586574881126	0.019619351266350376	0.015117718259626664	0.0
snp4806	1	24025	48050	0.19565380535116678	-0.0192502514147297	0.01486618336292961	0.0
snp6945	1	34720	69440	0.198580673113587	-0.01904067743553608	0.014800813468078624	0.0
snp8520	1	42595	85190	0.20306645568703652	-0.01912361613428054	0.015014218151311626	0.0
snp758	1	3785	7570	0.20505993819823667	-0.01876815986268762	0.014800274801967812	0.0
snp4507	1	22530	45060	0.2050607663579696	0.01910034364107949	0.015062257249249797	0.0
snp8606	1	43025	86050	0.20544950328082745	0.018905380129837404	0.014921318472821122	0.0
snp7665	1	38320	76640	0.20593973422937836	-0.018823386969797337	0.014872690735173397	0.0
snp1358	1	6785	13570	0.20840840242698322	-0.01899205040452796	0.01508779514629477	0.0
snp2883	1	14410	28820	0.20911292665352987	0.018633234359220204	0.014825689939269398	0.0
snp8869	1	44340	88680	0.2092409455798182	-0.018885214480356786	0.015030407917607595	0.0
snp6626	1	33125	66250	0.21083442581335962	-0.018667282747371092	0.01490901975366324	0.0
snp6080	1	30395	60790	0.21152507174210977	0.018477651312715983	0.014779925292855316	0.0
snp2036	1	10175	20350	0.21180354692433806	0.01892707411365118	0.01514864892895871	0.0
snp3089	1	15440	30880	0.21250223134169818	0.018638026600417943	0.014940140776813894	0.0
snp8254	1	41265	82530	0.21370688551712516	0.01851975261924064	0.014884493760642294	0.0
snp7872	1	39355	78710	0.2150633320597587	0.018511664480142256	0.014922125121123788	0.0
snp8152	1	40755	81510	0.2196226182652833	0.018158864564348502	0.014783685115364834	0.0
snp3141	1	15700	31400	0.22002794967980258	0.018302107227357468	0.014913415063191418	0.0
snp4865	1	24320	48640	0.22014829047133677	-0.018959763301960177	0.015453337889385375	0.0
snp3723	1	18610	37220	0.22174308501429835	-0.01819674287625484	0.014882784478271488	0.0
snp9994	1	49965	99930	0.2220432648871419	0.01829086766852979	0.01496949351419951	0.0
snp7164	1	35815	71630	0.22218203653510601	0.018205954268473115	0.014904475763849293	0.0
snp3094	1	15465	30930	0.22337687213580423	-0.018060319573244516	0.014823513685532233	0.0
snp7108	1	35535	71070	0.22406410818142958	-0.018141671079104863	0.014912415420896366	0.0
snp2627	1	13130	26260	0.22473747331660943	0.018106812802285665	0.014905420432192007	0.0
snp7682	1	38405	76810	0.2247479290541568	0.018183013814821722	0.014968486501025478	0.0
snp7205	1	36020	72040	0.22846709272244697	-0.018034394698781007	0.014965589707728048	0.0
snp4631	1	23150	46300	0.22901679876971448	-0.01846476390216196	0.015340846829542423	0.0
snp4952	1	24755	49510	0.2291455592010382	0.018070936901511705	0.015017804285783014	0.0
snp7185	1	35920	71840	0.23025331506559849	-0.0178830505331815	0.014897069263015272	0.0
snp9306	1	46525	93050	0.23158806038747207	-0.017801797960039938	0.014871914978626171	0.0
snp10324	1	51615	103230	0.23217551620467922	0.017716363164144724	0.014819192397067993	0.0
snp6450	1	32245	64490	0.23267211776592842	0.017874249573437428	0.01496717712035095	0.0
snp10259	1	51290	102580	0.23326518069930624	0.01781297686742724	0.014934826852739731	0.0
snp3635	1	18170	36340	0.23411618513481253	-0.0178237914408037	0.014971136950696459	0.0
snp4795	1	23970	47940	0.23487462932031575	-0.01794912204928917	0.015100883783855056	0.0
csnp482	1	2405	4810	0.2361056098052584	0.0179003919122155	0.015099552006439011	0.0
snp3769	1	18840	37680	0.23753685879481243	0.017567525340600625	0.014864106403386193	0.0
snp9278	1	46385	92770	0.2401639915177396	-0.01738319548175721	0.014790705871727275	0.0
snp7447	1	37230	74460	0.2427982495052515	0.017396730829999256	0.014885362056314884	0.0
snp9636	1	48175	96350	0.24365844775772544	0.017399082495486096	0.014914590202795758	0.0
snp5142	1	25705	51410	0.24473239067451616	0.017258165292281264	0.014827542969468544	0.0
snp4760	1	23795	47590	0.24509028345245298	0.017738236578746704	0.015251572155600954	0.0
dsnp10596	1	52975	105950	0.24538208734007227	0.02381940935399509	0.02049291942868519	0.0
snp5077	1	25380	50760	0.24628523972653843	0.01711580032669476	0.014753710262819993	0.0
snp6149	1	30740	61480	0.24690970162317402	0.017148190823392036	0.014801193409874432	0.0
snp9473	1	47360	94720	0.2484088441775348	0.01721905837846526	0.014909589913123357	0.0
snp1325	1	6620	13240	0.2484126587834595	0.01714117039704024	0.014842268242771114	0.0
snp5886	1	29425	58850	0.24980006971167548	-0.01719272348528851	0.014930637854530086	0.0
snp3187	1	15930	31860	0.2498847126397301	0.01712317570786065	0.01487290053237873	0.0
snp1812	1	9055	18110	0.25153651531378474	0.017097503449298883	0.014902496454249316	0.0
snp1665	1	8320	16640	0.2516729188122789	0.017022280664560876	0.014841202902661142	0.0
snp6467	1	32330	64660	0.2519146981337726	-0.017059858954302107	0.014881557302152808	0.0
snp7340	1	36695	73390	0.2527023509092515	-0.01722657899651622	0.015051979488139943	0.0
snp757	1	3780	7560	0.2527105639730611	0.016988103194906	0.01484386482925394	0.0
snp5922	1	29605	59210	0.2541785584574194	-0.01700357202922987	0.014903429694324923	0.0
snp5944	1	29715	59430	0.2549356971591533	-0.016979846015668376	0.014906389954558895	0.0
snp4792	1	23955	47910	0.2553981281656805	-0.01693142120504904	0.014878359249638177	0.0
snp644	1	3215	6430	0.25561241712672034	-0.01684777240640883	0.01481153405968126	0.0
snp9264	1	46315	92630	0.2562619693152229	0.017183235316172513	0.015127119195924866	0.0
snp9061	1	45300	90600	0.2563329994286119	-0.01688763721358423	0.014869114109949682	0.0
snp10179	1	50890	101780	0.25728139318826315	0.017054971525793064	0.01504643602013201	0.0
snp3459	1	17290	34580	0.2582148470321375	-0.017147005438117813	0.015157348684241507	0.0
csnp249	1	1240	2480	0.25835410313204454	-0.016851608203422352	0.014900588451818391	0.0
snp4211	1	21050	42100	0.26004854999752197	-0.01686483486712006	0.014965457644383146	0.0
snp824	1	4115	8230	0.2610096493360122	0.016787176614366867	0.014926628244577944	0.0
snp7450	1	37245	74490	0.26221333416428205	-0.016594173375994153	0.014792320702270843	0.0
snp2009	1	10040	20080	0.2651453428262066	0.01658186173780281	0.014872441675880076	0.0
snp3240	1	16195	32390	0.26545815328876876	-0.01650086916766532	0.014809494737867353	0.0
snp5896	1	29475	58950	0.26583372915940473	0.01669936151818127	0.014999429337873163	0.0
snp5648	1	28235	56470	0.265988497961299	-0.016628659554131866	0.014940763747138198	0.0
snp1851	1	9250	18500	0.2660988715760138	-0.01656037333888661	0.014882846562160856	0.0
snp9586	1	47925	95850	0.26886470849214306	0.016587484319188637	0.014993694523733864	0.0
snp6357	1	31780	63560	0.27042251073653933	-0.016391043354050287	0.01486443017470782	0.0
snp971	1	4850	9700	0.2707088959247726	-0.016411888674151543	0.014892238487367584	0.0
snp3636	1	18175	36350	0.2713901803319656	0.016386847210887394	0.014890683129682227	0.0
snp7056	1	35275	70550	0.2725416728868532	-0.016477992598044673	0.015009536801886292	0.0
snp6262	1	31305	62610	0.27414797747586483	0.016300026290389912	0.014897262447849311	0.0
snp2585	1	12920	25840	0.27584438328540856	0.016276699536436286	0.014928640885143571	0.0
snp6869	1	34340	68680	0.27681359181047094	-0.016217908539707587	0.014904785692380578	0.0
snp881	1	4400	8800	0.2770728822622863	0.016142366784837624	0.01484337492123287	0.0
snp5547	1	27730	55460	0.2773790365798489	0.01620324892950829	0.014908861188388373	0.0
snp4199	1	20990	41980	0.2777801884535265	0.016197620799565347	0.014916138042437875	0.0
dsnp10510	1	52545	105090	0.2781422459365839	0.022388352584646363	0.02063263522644867	0.0
snp7399	1	36990	73980	0.27818532837816967	-0.0163418328262491	0.01506164061881035	0.0
snp7384	1	36915	73830	0.28049445077429663	-0.016247244665292537	0.015046595804509354	0.0
snp1874	1	9365	18730	0.2820892233907939	-0.01613685864838118	0.01499401461490612	0.0
snp6916	1	34575	69150	0.2821159516793469	-0.015961047275922745	0.014831478737156765	0.0
csnp163	1	810	1620	0.282836608619366	-0.016052766466459777	0.014939071300901295	0.0
snp7685	1	38420	76840	0.28287510150609885	0.015954320420417143	0.01484864318793655	0.0
snp8639	1	43190	86380	0.28383912662453514	-0.01594362215612718	0.014868445885827468	0.0
snp9617	1	48080	96160	0.283839552373515	0.016027135168175652	0.014946340326042295	0.0
snp5397	1	26980	53960	0.28634891104283805	0.016208164913236917	0.015194154521821076	0.0
snp1991	1	9950	19900	0.2864698080333018	0.016297038177919203	0.015281303294809557	0.0
snp8218	1	41085	82170	0.2877766002448032	-0.015840596627962132	0.014893659803131076	0.0
snp4422	1	22105	44210	0.28850530074402164	-0.01586488865012382	0.014939075561351819	0.0
snp10405	1	52020	104040	0.28940600797413785	0.016163963140811387	0.015249170086987946	0.0
snp7048	1	35235	70470	0.2895753597381276	0.015856153594923265	0.014964037550402503	0.0
snp2264	1	11315	22630	0.28958086835894076	0.0158763471554152	0.014983266190652428	0.0
snp10128	1	50635	101270	0.29246979714652643	-0.01562988015973655	0.014839304236074111	0.0
snp8359	1	41790	83580	0.292487761494975	-0.01558140666628571	0.014793833541339351	0.0
snp608	1	3035	6070	0.2926444109034356	0.015693083507842667	0.014904705175992013	0.0
snp4205	1	21020	42040	0.2929008650398708	-0.015617835559400906	0.014841125479790893	0.0
snp8153	1	40760	81520	0.29329172564379374	-0.01565498690490612	0.014888487086651045	0.0
snp6949	1	34740	69480	0.2947498236255307	-0.0157664886411053	0.015039909413459984	0.0
snp2003	1	10010	20020	0.29505924777735504	-0.0155682680642654	0.014860348303084045	0.0
snp1701	1	8500	17000	0.29518337414693174	-0.015611230504344377	0.014905190119980316	0.0
snp7563	1	37810	75620	0.29672462827302076	0.015487743342741047	0.014834578383886212	0.0
snp1789	1	8940	17880	0.29722351781860973	-0.015365991167921094	0.014733177216166788	0.0
snp9812	1	49055	98110	0.2973212759794736	-0.01562155319066545	0.014981247453943431	0.0
snp9770	1	48845	97690	0.29739788938547246	0.015449012712024972	0.014818130248576256	0.0
snp3877	1	19380	38760	0.2991448835423442	0.01601988326242806	0.01542137673947453	0.0
snp2339	1	11690	23380	0.3005446437279796	0.015297713808126065	0.014768923826623412	0.0
snp8476	1	42375	84750	0.3012781487631191	-0.015600078475159644	0.015083720826399815	0.0
snp8352	1	41755	83510	0.301922607589868	0.0153019588864515	0.014815216823547533	0.0
snp2544	1	12715	25430	0.30383838995042733	0.015333952842533884	0.01490516640679509	0.0
snp10377	1	51880	103760	0.30481027026325697	0.015320565759134564	0.01492212891673206	0.0
snp8742	1	43705	87410	0.30564260585790165	0.015298303596024182	0.014926125035944137	0.0
snp6010	1	30045	60090	0.30878253736792455	0.015170153412146553	0.01489753150567727	0.0
snp5098	1	25485	50970	0.3089573236849311	0.015136866012637864	0.01487021649826541	0.0
snp8502	1	42505	85010	0.31042804636316085	-0.015130598817127564	0.014909335904269244	0.0
snp4890	1	24445	48890	0.31071426572594857	-0.01512285216408373	0.014910524790956845	0.0
snp6198	1	30985	61970	0.31279069071019255	-0.014992386630234745	0.014845492522879231	0.0
snp6411	1	32050	64100	0.31459432583799857	-0.015090992829130501	0.014998960781970326	0.0
snp7291	1	36450	72900	0.3148336048818868	0.014960795333975948	0.014876915128808458	0.0
snp5074	1	25365	50730	0.31499210958171997	0.015100033534802396	0.015020294052361022	0.0
snp5233	1	26160	52320	0.31579258777513786	-0.015190900295878431	0.01513570899998148	0.0
snp6925	1	34620	69240	0.31692863562028106	-0.014930434698677884	0.014911170238719585	0.0
snp3399	1	16990	33980	0.318259412169712	0.014908237829778357	0.014930021807515044	0.0
snp7843	1	39210	78420	0.3183818483515529	0.014887201136258316	0.014912728688564641	0.0
snp1161	1	5800	11600	0.3213092739285721	-0.014873110669506017	0.014989058653847129	0.0
snp7802	1	39005	78010	0.32176869560631516	0.014750302986499129	0.014879420441521097	0.0
snp7958	1	39785	79570	0.32182635559769934	0.014740714992223295	0.014871521328499377	0.0
snp3699	1	18490	36980	0.32268450832935935	0.014887206965962444	0.015045985872362914	0.0
snp10065	1	50320	100640	0.32311451538155356	-0.014740806649117751	0.014911275930449996	0.0
snp2582	1	12905	25810	0.32421753666454034	-0.014702695040161038	0.014906683262649852	0.0
snp2599	1	12990	25980	0.32453339136291826	-0.014715491531130392	0.014929404912686076	0.0
snp9577	1	47880	95760	0.3270011579256412	-0.014670968756315829	0.014960388245921464	0.0
snp1856	1	9275	18550	0.3273767806403197	0.014603595736478353	0.014903259491332236	0.0
snp7421	1	37100	74200	0.3307228461507933	0.01448996903361554	0.014890007032767834	0.0
snp637	1	3180	6360	0.33236124634265085	-0.014418417610500656	0.01486679353517259	0.0
snp7512	1	37555	75110	0.3323947259767658	0.014355062046950423	0.014802493250585386	0.0
snp4064	1	20315	40630	0.3338015081347765	0.014462084329597969	0.014956330751646242	0.0
snp3148	1	15735	31470	0.33393659390987085	0.014366329852314239	0.014861458330537944	0.0
snp5740	1	28695	57390	0.33532397300783745	0.014285888491647077	0.014820745260528153	0.0
snp3826	1	19125	38250	0.33892491032119854	-0.01434257082237238	0.014990913694983675	0.0
snp1484	1	7415	14830	0.3411073304886484	0.014115598558966715	0.014820539646515774	0.0
snp8453	1	42260	84520	0.34131611606220413	-0.014185287202468916	0.014900153667477255	0.0
snp9195	1	45970	91940	0.34275733938427233	-0.014129235833623674	0.014885674575107307	0.0
snp5516	1	27575	55150	0.34298885787420963	-0.014076074052749854	0.014836785300357477	0.0
snp4327	1	21630	43260	0.34477375306028335	0.014041599847711013	0.014855321079227449	0.0
snp7749	1	38740	77480	0.34612181383014684	-0.014098076222002258	0.014956830186416106	0.0
snp2994	1	14965	29930	0.34710533221061235	0.013982643711459571	0.014864665362230127	0.0
snp4204	1	21015	42030	0.34900435737938507	0.013815211474583632	0.014744667117785631	0.0
snp7978	1	39885	79770	0.34948976884331284	-0.01388235176469707	0.014831262136531699	0.0
snp6969	1	34840	69680	0.3509873334740977	-0.013931074146240787	0.014929668781382167	0.0
snp8407	1	42030	84060	0.3514446758778965	0.013701955464546422	0.0146980817662011	0.0
snp6034	1	30165	60330	0.3517271016745671	-0.014570936512983225	0.015639409688884224	0.0
snp1871	1	9350	18700	0.3519280980040501	0.013868992346769275	0.014892209418816048	0.0
dsnp10580	1	52895	105790	0.3524284078870902	0.019607289262636513	0.021075757721956065	0.0
snp2470	1	12345	24690	0.3526643909766365	0.0138304502108163	0.014873559038720155	0.0
snp10373	1	51860	103720	0.3527462270270082	-0.01370649832175897	0.01474276525842881	0.0
snp6168	1	30835	61670	0.3535468840826168	-0.013919475237323715	0.014996775927443223	0.0
snp8504	1	42515	85030	0.3543500990346121	0.013710307765110716	0.014796102320417878	0.0
snp9429	1	47140	94280	0.3545362216360569	0.013804327027331306	0.014903332924398311	0.0
snp5283	1	26410	52820	0.354676160720945	0.013759463765566608	0.014859220374906161	0.0
snp5717	1	28580	57160	0.3554354664283116	0.013719837319327268	0.014839837480197841	0.0
snp1177	1	5880	11760	0.3569790949183086	0.013659769239792306	0.014822380591059616	0.0
snp6388	1	31935	63870	0.3577992142368793	0.013643786607282578	0.014830323747865477	0.0
snp3748	1	18735	37470	0.35821872624302686	0.013701547429333678	0.01490611633909415	0.0
csnp257	1	1280	2560	0.35840425602177073	0.013804657115791583	0.01502409146500482	0.0
snp8371	1	41850	83700	0.35894440510911974	-0.013719480239717897	0.014948188661851427	0.0
snp5927	1	29630	59260	0.35942274200814295	-0.013609004915567784	0.014842593430285581	0.0
snp2091	1	10450	20900	0.36010429082036	-0.013640365100957974	0.014897925050657502	0.0
snp6940	1	34695	69390	0.3602426864175	-0.013718112984414981	0.014987159977641957	0.0
snp6415	1	32070	64140	0.3605701866489326	0.01359707273365457	0.014865058837868077	0.0
snp1029	1	5140	10280	0.3612900003051701	-0.01358816233728788	0.014877610024596817	0.0
snp3742	1	18705	37410	0.36168178587351385	-0.013803171715009726	0.01512536487364233	0.0
snp1312	1	6555	13110	0.36224131021791406	-0.013613487128540413	0.014934914816159276	0.0
snp2343	1	11710	23420	0.36294706671097354	0.013503756238208712	0.014836342119070976	0.0
snp9489	1	47440	94880	0.36339384434722355	0.01348166041497081	0.014825869093654595	0.0
snp7226	1	36125	72250	0.36362816785588725	-0.013549768518482426	0.014908050113980087	0.0
snp2779	1	13890	27780	0.36505260353437863	0.013514971352229826	0.01491400827257226	0.0
snp6125	1	30620	61240	0.3656182789450302	0.013510697488890904	0.01492689951495649	0.0
snp942	1	4705	9410	0.3663803852157702	-0.013403109541434838	0.01483160548500657	0.0
snp2573	1	12860	25720	0.3670371451714567	-0.013420849280520038	0.014871611554709958	0.0
snp1122	1	5605	11210	0.3679543533761275	-0.013333371290894529	0.014803002971501892	0.0
snp7308	1	36535	73070	0.36799296479918486	0.013418707097958832	0.01489894613437454	0.0
csnp282	1	1405	2810	0.3681008186783574	-0.013400529998937665	0.014882116030430945	0.0
snp1279	1	6390	12780	0.36859398701056856	-0.01332501085344747	0.01481350022166948	0.0
snp8590	1	42945	85890	0.36982080936685624	-0.013821901619628617	0.015405339715504224	0.0
snp1092	1	5455	10910	0.3701515211480385	0.013358644321742674	0.014899307765352409	0.0
snp6200	1	30995	61990	0.37176604420055337	-0.01326812713383544	0.014848397688059064	0.0
snp1878	1	9385	18770	0.37216601244836867	0.013325947225988637	0.014925587955720878	0.0
snp5888	1	29435	58870	0.3722249761655939	-0.013333070831086884	0.01493540907308129	0.0
snp2704	1	13515	27030	0.3728240874697154	0.013210091900718585	0.014816213534322642	0.0
snp1175	1	5870	11740	0.37447011699056243	0.013247766233803977	0.014909759229986648	0.0
snp2175	1	10870	21740	0.37551833990953	0.013262233469336668	0.014958851840373487	0.0
dsnp10524	1	52615	105230	0.376535494847853	0.01739353823241526	0.019660533999051613	0.0
snp3321	1	16600	33200	0.37771067240045364	0.013109305122462354	0.014854470931732472	0.0
snp8064	1	40315	80630	0.3788450196410844	-0.013081103787371819	0.014857831290913354	0.0
snp8543	1	42710	85420	0.3789761800028191	0.013052322578385801	0.014829221997108516	0.0
snp6314	1	31565	63130	0.38224949822109544	0.013109088414901266	0.014996459408011054	0.0
snp3838	1	19185	38370	0.38230836481461383	-0.012990002435513988	0.014862066957197209	0.0
snp7955	1	39770	79540	0.3828515358146265	-0.013019629381969657	0.014912982894253647	0.0
snp8142	1	40705	81410	0.38397926046634	-0.013011284341067776	0.014938813761911812	0.0
snp5031	1	25150	50300	0.3844232321136136	0.012942369636532875	0.014873576891737897	0.0
snp6353	1	31760	63520	0.384449367517233	-0.012920778236692366	0.014849580342948452	0.0
snp5899	1	29490	58980	0.3848713419641795	0.012902227207902532	0.014841433905317756	0.0
snp5781	1	28900	57800	0.3852433869675981	0.01295233490201123	0.014910745123893199	0.0
snp1816	1	9075	18150	0.3859392757731802	0.012955658099952727	0.014936439420019513	0.0
snp3945	1	19720	39440	0.3860591164519489	0.012869531225849301	0.014840889689720976	0.0
snp6327	1	31630	63260	0.3862017798390982	0.01288898998432949	0.014867795657149624	0.0
snp8607	1	43030	86060	0.3863691709110949	-0.012992499324441293	0.014992481384122082	0.0
snp5037	1	25180	50360	0.3868906880336538	0.01292188092550187	0.014927383309847957	0.0
snp6122	1	30605	61210	0.38741532948559754	0.012875303688559705	0.014890029476259855	0.0
snp2652	1	13255	26510	0.3876634097250684	-0.012812820562351779	0.014825518713562415	0.0
snp7349	1	36740	73480	0.3884755993201928	0.012844877385091737	0.014888082092059685	0.0
snp3818	1	19085	38170	0.3897238379665693	0.012801079875308576	0.014876436709533647	0.0
snp4025	1	20120	40240	0.39247178890297185	-0.01272708043005695	0.014876517854005185	0.0
snp6573	1	32860	65720	0.3926967939523739	0.012782513217276494	0.014948419502379705	0.0
snp9552	1	47755	95510	0.3944229870903707	-0.012684930813518352	0.014888551577986872	0.0
snp10241	1	51200	102400	0.3948375659443426	-0.01266539684590466	0.014878670620838808	0.0
snp5690	1	28445	56890	0.3958920873101349	-0.012570118437365812	0.014799742991508576	0.0
snp7283	1	36410	72820	0.3963090423642861	-0.01264706203455591	0.01490348885450533	0.0
snp10053	1	50260	100520	0.3972793081353433	0.012597953234642236	0.014876167497492461	0.0
snp3621	1	18100	36200	0.3993254192887541	-0.012541903619247232	0.014874381670233616	0.0
snp3189	1	15940	31880	0.4005569796205375	-0.012476049819812493	0.014835012656908713	0.0
snp5374	1	26865	53730	0.4012648706227342	0.01265828800442181	0.01507435647244719	0.0
snp1662	1	8305	16610	0.4055512640149376	0.012309413181217924	0.014793174113969758	0.0
snp7642	1	38205	76410	0.40576212730150496	0.012429897197450624	0.014944681240344187	0.0
snp2814	1	14065	28130	0.4076088281493502	0.012372097753813807	0.014933866801182938	0.0
snp1441	1	7200	14400	0.40837335501281213	-0.01240922929173283	0.015003141697707183	0.0
snp929	1	4640	9280	0.4084224809823368	-0.012771122428015513	0.015442300747609933	0.0
snp2323	1	11610	23220	0.40874605138269915	-0.01228512841257786	0.014864920954028098	0.0
snp9856	1	49275	98550	0.40890096628508	-0.012343804272809856	0.01494085900834344	0.0
snp7134	1	35665	71330	0.41131613519239285	-0.012240092815069312	0.014891983907385033	0.0
snp2014	1	10065	20130	0.4119923852699704	0.012250370935528497	0.014926064840409209	0.0
snp9953	1	49760	99520	0.413070003301218	0.012185228995744396	0.014880978965395336	0.0
snp868	1	4335	8670	0.4136277088314102	0.01213335774614095	0.014835341085123598	0.0
snp1987	1	9930	19860	0.4138381010536264	0.01218636538833441	0.014906870169592832	0.0
snp5728	1	28635	57270	0.41597792521080856	-0.012145028055837911	0.014924619696959261	0.0
csnp364	1	1815	3630	0.41605830529042775	0.012190011021812984	0.014982481645242683	0.0
snp1012	1	5055	10110	0.4163871198687772	0.01201370484130455	0.014776210748119304	0.0
snp5184	1	25915	51830	0.41649114983093416	-0.012165784924604009	0.014966602589433907	0.0
snp7590	1	37945	75890	0.41659095883450536	-0.012067490615807497	0.01484885984662813	0.0
snp899	1	4490	8980	0.4170402569507402	-0.011970304256823768	0.014743488817998246	0.0
snp3641	1	18200	36400	0.41742375729106673	-0.012043479584554144	0.014845839146559186	0.0
snp6561	1	32800	65600	0.4187257427958778	-0.012213840638271373	0.015098025235775322	0.0
snp1694	1	8465	16930	0.420520223641235	0.012146492263283477	0.01507285331835503	0.0
snp2241	1	11200	22400	0.42187749903081606	-0.0122186204865534	0.015206752078505059	0.0
snp9737	1	48680	97360	0.4225330605549362	0.012089790414460013	0.015067694023720022	0.0
dsnp10532	1	52655	105310	0.422695242611001	-0.016102763228521104	0.020076144297496927	0.0
snp8564	1	42815	85630	0.423884140269975	-0.011982856999634438	0.01497801432623577	0.0
snp6329	1	31640	63280	0.42394598635833414	-0.011936596812538242	0.01492218314490922	0.0
snp8690	1	43445	86890	0.42599747463125026	0.011775816938433456	0.01478657507639397	0.0
snp3332	1	16655	33310	0.42765706895914923	-0.011700414723676028	0.014744739906143283	0.0
csnp493	1	2460	4920	0.42798629477751327	-0.01186724273534364	0.014965638966730394	0.0
snp1965	1	9820	19640	0.42853790835284644	0.011815458167352785	0.014918147020728457	0.0
snp8987	1	44930	89860	0.42878024066034004	-0.011874527711620545	0.015000601888269308	0.0
csnp97	1	480	960	0.42893575335522316	-0.011792276725994174	0.014901718527217103	0.0
snp9640	1	48195	96390	0.4291826431550022	-0.011794138298104741	0.014912048148680801	0.0
snp5296	1	26475	52950	0.42955369600998683	-0.011751275790385126	0.014869810872876008	0.0
snp563	1	2810	5620	0.43092735532503856	-0.011738683130554522	0.014898207571570184	0.0
snp10267	1	51330	102660	0.43343375022231356	0.011703422062821257	0.01493457030993461	0.0
snp3844	1	19215	38430	0.43465210756589634	-0.012048775048483737	0.015416091733411	0.0
snp6722	1	33605	67210	0.4366356094334679	0.01158473716811986	0.014886576092052153	0.0
snp562	1	2805	5610	0.4376461820181261	0.011679615776534117	0.015041628494319531	0.0
snp678	1	3385	6770	0.4392309482941774	-0.01179276169667986	0.015240012184354328	0.0
snp8569	1	42840	85680	0.44173068456602405	0.011572119657592975	0.015036906551084701	0.0
csnp310	1	1545	3090	0.44380925037302354	-0.011453874438665053	0.014951251460604876	0.0
snp1109	1	5540	11080	0.44452400365333644	0.011561235113210727	0.015115096449584819	0.0
snp4442	1	22205	44410	0.4448413716777624	0.011424401274240726	0.014946617162095072	0.0
snp7735	1	38670	77340	0.4460477120005707	0.011418476992051832	0.01497853388012719	0.0
snp2407	1	12030	24060	0.4464903081097161	-0.011456216804405065	0.015042679574219883	0.0
snp8993	1	44960	89920	0.44791271796367615	0.011381362780224929	0.01499126874796099	0.0
snp7654	1	38265	76530	0.4490740746019699	0.011801660006001061	0.015584722629644937	0.0
snp2362	1	11805	23610	0.45049055680849026	0.011269328497507381	0.014928348634918785	0.0
snp4059	1	20290	40580	0.45102889363359333	0.011229186047160146	0.014892873550475146	0.0
snp7434	1	37165	74330	0.45116274523656785	0.01125933737931282	0.014937279907481442	0.0
snp8420	1	42095	84190	0.45165084390264965	-0.011237886830852622	0.014924916991241896	0.0
snp1260	1	6295	12590	0.45323054075568925	0.011201982261408984	0.014929325713671561	0.0
snp7628	1	38135	76270	0.45368832385318547	-0.011326012248270493	0.01510993820409084	0.0
snp748	1	3735	7470	0.45514218858820144	-0.011072890778981813	0.0148199409373819	0.0
snp5892	1	29455	58910	0.45540700986156357	-0.011133170349697198	0.014909377040763092	0.0
snp8483	1	42410	84820	0.4570670550864451	-0.011043294554790827	0.014843641812415938	0.0
snp9387	1	46930	93860	0.45775467850034757	-0.011079696384101851	0.014915357769834181	0.0
snp5281	1	26400	52800	0.45795534051323283	0.011191100699070328	0.015072055152159994	0.0
snp6717	1	33580	67160	0.4585820570099446	-0.011263879567724896	0.015191245346326179	0.0
snp9824	1	49115	98230	0.45892458962213656	0.011037838719234593	0.014897748377713843	0.0
snp10102	1	50505	101010	0.4594796250394013	0.011119681257849233	0.015026777700914243	0.0
snp8411	1	42050	84100	0.459603331492657	0.010996519540184747	0.014864437730550656	0.0
snp4354	1	21765	43530	0.45982470666333497	0.011017757394780753	0.014900495347656454	0.0
snp3837	1	19180	38360	0.45990179483803084	-0.011078440485490695	0.014985138233574391	0.0
snp6835	1	34170	68340	0.46025098394751507	-0.01096072564730803	0.014837458928381708	0.0
snp3903	1	19510	39020	0.4626070545911425	-0.010909363703177792	0.014845814136271437	0.0
snp9319	1	46590	93180	0.4634060563336563	-0.010851644068508337	0.014793675211095085	0.0
snp9444	1	47215	94430	0.46722580732617014	-0.010882808058747728	0.014963732297500282	0.0
snp750	1	3745	7490	0.4680341386728968	-0.010821103215267629	0.014905937763808847	0.0
snp1055	1	5270	10540	0.46842953696933054	0.01076572666109311	0.01484284683634554	0.0
snp5438	1	27185	54370	0.46861572745756397	0.010826327605979043	0.014932650023780357	0.0
snp5424	1	27115	54230	0.4690618864695668	0.010785219670502584	0.01489089008520367	0.0
snp907	1	4530	9060	0.47051427776674737	0.010761981556674939	0.014907488353279211	0.0
snp5531	1	27650	55300	0.4714580025275066	0.010703542624358322	0.014858125429632227	0.0
snp9227	1	46130	92260	0.473816626295273	-0.010782643909268043	0.015047897529815136	0.0
snp1424	1	7115	14230	0.47663740439590574	0.010626078549219714	0.01492447279084185	0.0
snp9629	1	48140	96280	0.4801790359961915	-0.010520824050822723	0.014896109162674897	0.0
snp8146	1	40725	81450	0.48023466885839716	0.010522466383293388	0.014900322945561682	0.0
snp9741	1	48700	97400	0.48410516884780896	0.010406801254712878	0.014867354494611603	0.0
snp4860	1	24295	48590	0.4841366278808136	0.010423868113188451	0.014892808732222679	0.0
snp8836	1	44175	88350	0.485913862966314	-0.010355400132567813	0.01485535028038781	0.0
snp5784	1	28915	57830	0.4904028232215334	-0.01031519580569135	0.014951215740583704	0.0
snp7792	1	38955	77910	0.4919836043004775	0.01027164173425675	0.014942502903773929	0.0
snp9647	1	48230	96460	0.4960385023980167	0.01012500490911503	0.014868155183384819	0.0
snp4151	1	20750	41500	0.4965211827395223	-0.01013847451595663	0.014904633215662072	0.0
snp10103	1	50510	101020	0.49706129086033657	-0.010086939118512278	0.014847494910645026	0.0
snp1777	1	8880	17760	0.4974548898725255	-0.010070115787112179	0.01483630398360656	0.0
snp1568	1	7835	15670	0.4985428343449855	-0.010071510680300199	0.014875978857293326	0.0
snp1314	1	6565	13130	0.5000344097831297	-0.010003636854675346	0.014827193918934323	0.0
snp1364	1	6815	13630	0.5014700931858633	-0.010020197544693778	0.014901622828851118	0.0
snp6088	1	30435	60870	0.5039388634309283	-0.009955099564525501	0.014890637004807403	0.0
snp6505	1	32520	65040	0.5042731638192883	0.01001450298994256	0.014991242203323898	0.0
snp8481	1	42400	84800	0.504936500974327	0.009867753659443456	0.014794581966043613	0.0
snp640	1	3195	6390	0.5059953375149757	0.00991482727926283	0.014902190112287234	0.0
snp2415	1	12070	24140	0.5077719650301168	-0.009886653345331965	0.014922125362407808	0.0
snp8246	1	41225	82450	0.5086900193455963	0.010140881921473352	0.015339012313107423	0.0
snp6608	1	33035	66070	0.5088013451319802	0.009825907057691811	0.01486648929105303	0.0
snp9804	1	49015	98030	0.5116601820624557	0.009842682272919833	0.014992882529688015	0.0
snp4978	1	24885	49770	0.5116651490174096	0.009832168445719285	0.014977043568922146	0.0
snp4324	1	21615	43230	0.5136592133389141	-0.009739969782035675	0.014906954314143548	0.0
snp7716	1	38575	77150	0.5141206280287112	-0.009678468148729327	0.0148290774903521	0.0
snp3177	1	15880	31760	0.5158656578600822	-0.00969966237298467	0.014923400211006459	0.0
snp10393	1	51960	103920	0.5174218753745533	0.009673742422080073	0.014938873369447613	0.0
snp1730	1	8645	17290	0.5183358755028458	0.00974714913968038	0.015085142374418513	0.0
snp5456	1	27275	54550	0.5189263961663517	-0.00964703464053846	0.014951304165852924	0.0
snp4604	1	23015	46030	0.5193296261102138	-0.009544101154014512	0.01480605780922229	0.0
snp2753	1	13760	27520	0.5202055828749893	-0.009586725544619536	0.01490342538773407	0.0
snp3363	1	16810	33620	0.5202699108564262	-0.009484761938195236	0.01474718787121959	0.0
snp6660	1	33295	66590	0.5203132580453161	-0.009578036889462342	0.014893762274520926	0.0
snp7916	1	39575	79150	0.5216312514355046	-0.009489225655391483	0.014802406558800772	0.0
snp7036	1	35175	70350	0.523257893724966	0.00959401836177758	0.015024532148238894	0.0
snp2013	1	10060	20120	0.525415760464601	-0.009444677472901845	0.01486782026313396	0.0
snp1645	1	8220	16440	0.5256231443765147	0.009355207063912846	0.014734354692356793	0.0
snp2007	1	10030	20060	0.5260048135561932	0.009463619932328419	0.014918856829078942	0.0
snp6862	1	34305	68610	0.5261380673079699	0.009510876096220039	0.01499818388717802	0.0
snp3124	1	15615	31230	0.5264592429694235	-0.009567130701265471	0.015098616310507332	0.0
snp8282	1	41405	82810	0.52660135113677	-0.009410662808137125	0.014856788581873094	0.0
snp9623	1	48110	96220	0.529024981573069	0.009368512029204705	0.014877371165245077	0.0
snp8412	1	42055	84110	0.5292805897248578	0.009362349731181933	0.01487681598290848	0.0
snp2598	1	12985	25970	0.5294610331242178	-0.009474261543681375	0.015061244121877876	0.0
snp5680	1	28395	56790	0.5298396349246157	0.00932781625122332	0.014842088154622455	0.0
snp4443	1	22210	44420	0.5311215516968854	-0.00931635085758619	0.014870149934744647	0.0
snp8330	1	41645	83290	0.5316641440134445	0.009323015707147154	0.014900471442229132	0.0
snp982	1	4905	9810	0.5321689642984908	0.009346027787440096	0.01495564659239354	0.0
snp875	1	4370	8740	0.5325608263340551	0.009339792388681495	0.014959964091075376	0.0
snp3774	1	18865	37730	0.5330968112788802	0.009250536979939212	0.014836401385324459	0.0
snp810	1	4045	8090	0.5339103902524522	-0.00929953357630636	0.014944669000003297	0.0
snp8995	1	44970	89940	0.5356576167882229	-0.009263654359438628	0.014950836240557607	0.0
snp4645	1	23220	46440	0.5367378922142365	0.00914883833700875	0.014804724068527073	0.0
snp1603	1	8010	16020	0.5368162454418581	-0.009153008934222615	0.014814323444287803	0.0
snp680	1	3395	6790	0.5387129517151639	0.009198313249831695	0.01495726614329966	0.0
snp8159	1	40790	81580	0.5406612826440009	0.00911976904875826	0.014900993933000057	0.0
snp4127	1	20630	41260	0.5416914010243786	-0.009125556121255386	0.014948475619383252	0.0
snp2287	1	11430	22860	0.5417363837174209	-0.009106950251075392	0.014919658246449361	0.0
snp9860	1	49295	98590	0.5428903551451966	0.009046102048460153	0.014862393277242666	0.0
snp6412	1	32055	64110	0.5430898399507826	-0.009287254840251915	0.015266147215833583	0.0
snp1085	1	5420	10840	0.5438032689717585	0.0090280547506524	0.014866374824099303	0.0
snp10325	1	51620	103240	0.545732643424885	0.009070086717045098	0.015007411725227652	0.0
snp8701	1	43500	87000	0.5458267452768408	-0.009018618891865724	0.014925750324335981	0.0
snp10472	1	52355	104710	0.5461007415652227	0.00901501839589584	0.014929978836841813	0.0
snp6820	1	34095	68190	0.5462141349750254	0.009203961855158916	0.015247200214612447	0.0
snp1906	1	9525	19050	0.5469193780515327	-0.009063697494024758	0.015041267281300053	0.0
snp6157	1	30780	61560	0.5474808988846789	-0.009030645413913421	0.015007436686388403	0.0
snp4190	1	20945	41890	0.5479869611875441	-0.009084483072678399	0.015116004096088875	0.0
snp9427	1	47130	94260	0.5498339850160056	0.008926175940467861	0.014921412026892575	0.0
snp4526	1	22625	45250	0.5546022706053599	-0.008884637690537912	0.01503124925409685	0.0
snp1640	1	8195	16390	0.5558085341195409	-0.008822239432247705	0.014971277888668694	0.0
snp3976	1	19875	39750	0.5570076251399723	0.008798384760111324	0.014976226519555042	0.0
snp8223	1	41110	82220	0.5577649200470473	-0.00872162455889872	0.014874126819647837	0.0
snp4274	1	21365	42730	0.5585739442216521	-0.008700430326155448	0.0148685166989912	0.0
snp5592	1	27955	55910	0.5596893786735571	-0.008720022773908293	0.01494436543557718	0.0
snp8392	1	41955	83910	0.559952492691207	-0.008765697146662085	0.015032717344198364	0.0
snp10235	1	51170	102340	0.560200273561033	-0.008793317923784261	0.015089613814780566	0.0
snp8559	1	42790	85580	0.5621333859570643	-0.008660091666371985	0.014934543172872712	0.0
snp3725	1	18620	37240	0.5625051354802613	0.008701238934183992	0.01501978368425665	0.0
snp3839	1	19190	38380	0.5652227965498525	-0.008561656531048243	0.014882247620949817	0.0
snp10140	1	50695	101390	0.5657832304447354	-0.00853527335279265	0.0148577955347421	0.0
snp5382	1	26905	53810	0.5660378208515104	0.008560091512120971	0.01491076840448299	0.0
snp1629	1	8140	16280	0.5677917395527324	-0.008587168119391286	0.015025750188720164	0.0
snp8628	1	43135	86270	0.5681440944392881	-0.008478989429670784	0.014849973902081622	0.0
snp4390	1	21945	43890	0.5685104395454434	0.00850745981849051	0.014913956006603914	0.0
csnp129	1	640	1280	0.5686176826343874	0.008491017014512785	0.014889260592440093	0.0
snp5428	1	27135	54270	0.5705017466399268	0.008491998757617908	0.01496385349011497	0.0
snp5730	1	28645	57290	0.5718100393250687	-0.008416723836074207	0.014881713463149027	0.0
snp3037	1	15180	30360	0.572080529154825	-0.008414202016473289	0.014887728967406645	0.0
snp3596	1	17975	35950	0.5732689047925069	0.008332509305194809	0.014788902661966759	0.0
snp4738	1	23685	47370	0.5736910276871344	0.008384719451288533	0.014897966285040663	0.0
snp8746	1	43725	87450	0.5788667174818026	0.008253637196383489	0.014865446582735737	0.0
snp5013	1	25060	50120	0.57914623251172	0.008203156826619004	0.014785413980931847	0.0
snp1901	1	9500	19000	0.5794202472568779	0.008261412022469982	0.01490117479461937	0.0
snp4899	1	24490	48980	0.5796109155832585	0.008251318317951879	0.014890455394435762	0.0
snp7201	1	36000	72000	0.5798997402726216	-0.008316033964749999	0.015018684291655088	0.0
snp9685	1	48420	96840	0.5799518094813432	-0.008255720250360631	0.014911807621211467	0.0
snp6500	1	32495	64990	0.580566246497167	-0.008205342660988536	0.014844885260252568	0.0
snp8651	1	43250	86500	0.583562293383035	0.008227068799995033	0.01500283577582027	0.0
dsnp10538	1	52685	105370	0.5847983470816355	-0.010967719975348249	0.0200665505117314	0.0
snp5451	1	27250	54500	0.5863499723318797	0.008108811219024218	0.014897417489429219	0.0
snp1447	1	7230	14460	0.5869203327697623	0.008507437957258591	0.015653614051643058	0.0
snp6185	1	30920	61840	0.5871917063230998	-0.008094905776185194	0.014905373714755995	0.0
snp5622	1	28105	56210	0.5894230151284612	0.00806949144549962	0.014947734343010968	0.0
snp7915	1	39570	79140	0.5894896107016063	-0.008055739768104815	0.014924931502972673	0.0
snp5488	1	27435	54870	0.589839549037009	-0.008062555201479605	0.014951616127915507	0.0
snp4421	1	22100	44200	0.5909960447407423	-0.007955537402351456	0.014799157687681145	0.0
snp3474	1	17365	34730	0.5911180285658855	-0.0080288052172853	0.014940364092411831	0.0
csnp295	1	1470	2940	0.5930933184528591	0.007930314919033945	0.014836021677045454	0.0
snp7554	1	37765	75530	0.5934775488099401	-0.00802702298809691	0.01503256920184653	0.0
snp10004	1	50015	100030	0.5936255893231919	0.007917616930769467	0.014833625446274618	0.0
snp4400	1	21995	43990	0.595001723939802	-0.007883552947722807	0.014825035639103487	0.0
snp1250	1	6245	12490	0.5950838005494998	0.007891249580259697	0.014842817608323624	0.0
snp1988	1	9935	19870	0.595699454851768	0.00791490812884775	0.014912248933275404	0.0
csnp109	1	540	1080	0.5963975476771751	0.007976589041587821	0.015057037927694007	0.0
snp9648	1	48235	96470	0.5968406332848712	0.007929006646726125	0.014985297417785882	0.0
snp7625	1	38120	76240	0.599118023020587	-0.007810274071288895	0.014853017203048989	0.0
snp1045	1	5220	10440	0.5992316718423356	-0.007811744719230891	0.014860437671858778	0.0
snp926	1	4625	9250	0.5996393528524845	0.007748410042526915	0.014756426762133916	0.0
snp7537	1	37680	75360	0.6022064592339885	-0.007723409561162118	0.014812932503900146	0.0
snp9874	1	49365	98730	0.6024088125219803	-0.0077598264486571575	0.014891077606602913	0.0
snp903	1	4510	9020	0.6027425746543824	-0.007790861846377884	0.01496439708735601	0.0
snp515	1	2570	5140	0.6041119166863129	0.007773500150676962	0.014987617838162264	0.0
snp9127	1	45630	91260	0.6072545397187324	-0.007705018305933462	0.014985662688390607	0.0
snp9267	1	46330	92660	0.6073876829445082	-0.00765660806174251	0.014897028322346443	0.0
snp8083	1	40410	80820	0.6075201755607089	0.0076568983492793855	0.014903089682349003	0.0
snp8844	1	44215	88430	0.6088268648791297	-0.007668151802530295	0.014979471170288488	0.0
snp10406	1	52025	104050	0.6094297188298021	0.007615285876959481	0.014901275962296734	0.0
snp10395	1	51970	103940	0.6113824639592501	-0.007680812410075922	0.015111933041881574	0.0
snp3346	1	16725	33450	0.6131355247370134	0.00760287511985964	0.015032515030192475	0.0
snp1772	1	8855	17710	0.6165186881118827	-0.007454913375960299	0.01488162782361322	0.0
snp4551	1	22750	45500	0.617505345171765	-0.007491416638105016	0.014996464421903291	0.0
snp4953	1	24760	49520	0.6190315353370353	-0.007467948962168065	0.015014606795097748	0.0
snp9522	1	47605	95210	0.6194549273931735	-0.00741287727882925	0.014921902791620235	0.0
snp8775	1	43870	87740	0.6204124131845128	-0.007362596077936108	0.014861303141993566	0.0
snp8587	1	42930	85860	0.6216768045795458	-0.007310974192054308	0.014810660279111406	0.0
snp1657	1	8280	16560	0.6255711635423156	-0.0073323946729423215	0.015021661092575446	0.0
snp4092	1	20455	40910	0.6287048803942497	-0.007203470804028391	0.014892429370802221	0.0
snp4741	1	23700	47400	0.6290409796585364	-0.007155573959314051	0.014807907143757128	0.0
snp4535	1	22670	45340	0.6319614228133187	-0.007166147958240503	0.014957031715780434	0.0
snp4241	1	21200	42400	0.6322181725962082	-0.00711641031014129	0.014864420914772998	0.0
snp7186	1	35925	71850	0.6322698121946146	0.007172588404736936	0.014984035410813876	0.0
snp7154	1	35765	71530	0.6347656204379896	0.007082132752941567	0.014904231204275777	0.0
snp838	1	4185	8370	0.6349427422443032	-0.007050844713860129	0.014846152956490541	0.0
snp614	1	3065	6130	0.6351527284952547	0.0070333092705436116	0.014818425057099972	0.0
snp10202	1	51005	102010	0.6368149325177153	-0.007148945708261881	0.015136401511097306	0.0
snp921	1	4600	9200	0.6379426156025272	-0.007022574778301938	0.014918747568194685	0.0
snp5086	1	25425	50850	0.6381690629653644	0.007061068071654626	0.015010636056884226	0.0
snp7319	1	36590	73180	0.6385743857896742	0.006998209142191601	0.014894979670791082	0.0
snp2843	1	14210	28420	0.6438496246604224	-0.006883448741694776	0.014884295602156641	0.0
snp2918	1	14585	29170	0.6452587820059135	-0.00685983312128334	0.014896533475288649	0.0
snp8912	1	44555	89110	0.6459780045874488	-0.006821734684707489	0.014846115582484365	0.0
snp3566	1	17825	35650	0.6465031224004545	0.006824889792255149	0.014876666580398145	0.0
snp3781	1	18900	37800	0.6465744537790266	-0.006852009157337208	0.014939015764832123	0.0
csnp204	1	1015	2030	0.6529849744643443	0.006790091530241963	0.015097316700654654	0.0
snp7515	1	37570	75140	0.653171925680339	0.00667524746538455	0.014850531090792192	0.0
snp10225	1	51120	102240	0.6532093373762287	0.00672679961982875	0.014966947798877731	0.0
snp9585	1	47920	95840	0.6535993246187505	-0.006653838763113905	0.01482244855284686	0.0
snp3799	1	18990	37980	0.6570248910757434	0.006640663839296789	0.014951136605605134	0.0
snp1184	1	5915	11830	0.6586148873253691	-0.006544199159386722	0.014807261665535127	0.0
snp9066	1	45325	90650	0.6632036548724406	0.00643633193843351	0.014774961827371945	0.0
snp9236	1	46175	92350	0.6639339070146802	0.0064434788565390115	0.014825620488956082	0.0
snp6754	1	33765	67530	0.6650100149093002	-0.006501156077341562	0.015009520011517617	0.0
snp835	1	4170	8340	0.6669439746306969	-0.0065638286146713146	0.015247912509495911	0.0
snp8562	1	42805	85610	0.6679305701450293	0.006394059225869444	0.01490049275012653	0.0
snp5464	1	27315	54630	0.6683147184508544	-0.006364691157637547	0.01485032704646628	0.0
snp9867	1	49330	98660	0.6720826661170305	-0.006430099113511897	0.015186223889663123	0.0
snp1722	1	8605	17210	0.6759215901531088	-0.006266506079681274	0.014985973849301405	0.0
snp3853	1	19260	38520	0.6762727026961295	-0.006212795098529499	0.014874614855760318	0.0
snp4306	1	21525	43050	0.6763245727763998	0.006251259943089452	0.014969250071398892	0.0
snp4488	1	22435	44870	0.6767374987765231	0.006256453676410675	0.015001976639506373	0.0
snp5408	1	27035	54070	0.6774420697316178	-0.006254898338916847	0.015032974662816839	0.0
snp5227	1	26130	52260	0.6785432188921905	0.006195293800275571	0.014943771013103672	0.0
snp6634	1	33165	66330	0.6801321942164833	0.006141261951410193	0.014891383365781946	0.0
csnp420	1	2095	4190	0.6829597064377562	0.006056204586496717	0.014823756873874706	0.0
snp3300	1	16495	32990	0.6837155936781174	-0.006146150843265136	0.01508193940214559	0.0
dsnp10533	1	52660	105320	0.6838636187510774	-0.008028527546889408	0.019710825960297575	0.0
snp10120	1	50595	101190	0.6841173111433131	0.006104291569909963	0.014999361765460156	0.0
snp7552	1	37755	75510	0.6841942864010673	-0.00607220075003015	0.014924353263709935	0.0
csnp18	1	85	170	0.6845253861834895	-0.006084434485162238	0.014971012358670113	0.0
snp6032	1	30155	60310	0.6861060776315655	0.006053815353042211	0.014974945106190962	0.0
snp2975	1	14870	29740	0.6861081813432868	-0.005995265168285071	0.014830218162092155	0.0
snp8288	1	41435	82870	0.6872389951240245	0.005990134836879223	0.014874114334961013	0.0
snp6907	1	34530	69060	0.6941937789259358	0.005897520774224111	0.014995575771794464	0.0
snp2746	1	13725	27450	0.6947306182092579	-0.005826907565395143	0.01484346903629965	0.0
snp4057	1	20280	40560	0.6948964247949863	0.005819516777710266	0.014833125236336144	0.0
snp606	1	3025	6050	0.6966350745144125	-0.005821728275474551	0.014928296851415366	0.0
snp10160	1	50795	101590	0.6970748962200495	0.005905584520641371	0.015166460466763062	0.0
snp7692	1	38455	76910	0.69764945125728	0.005808312638305497	0.01494647399043979	0.0
snp6714	1	33565	67130	0.6987600287622564	-0.0057364631214662015	0.014818826589554824	0.0
snp6811	1	34050	68100	0.6989291627081793	0.005763966528189653	0.014898670925815583	0.0
snp3389	1	16940	33880	0.7003663441043848	0.005724447978643061	0.014871137408329682	0.0
snp2471	1	12350	24700	0.7008701420242327	0.005744324780937765	0.014949186012449819	0.0
snp1094	1	5465	10930	0.7010715218154373	0.005705422317593169	0.014858455282839883	0.0
snp994	1	4965	9930	0.7015812557520699	-0.005704155597407931	0.014881815391951785	0.0
snp526	1	2625	5250	0.7023523800552018	0.005665309292938416	0.014820690362621645	0.0
snp3110	1	15545	31090	0.7044211727880967	-0.005577441368150413	0.01469805465961012	0.0
snp5891	1	29450	58900	0.7045352878645503	-0.005648916606835871	0.014892444845312321	0.0
snp4298	1	21485	42970	0.7066416290007422	-0.005586860146382405	0.014839802853306756	0.0
snp776	1	3875	7750	0.7070752092148086	0.005635359779773444	0.014991860842662127	0.0
snp9238	1	46185	92370	0.7074498094718998	-0.005644839546341866	0.01503724089541403	0.0
snp1273	1	6360	12720	0.7076730954676034	-0.005586810091024915	0.01489457404475941	0.0
snp8720	1	43595	87190	0.7084242786008359	-0.005575617067182848	0.014904875668677155	0.0
snp5542	1	27705	55410	0.7096246155251801	-0.005620475379909464	0.015089876442721334	0.0
snp4949	1	24740	49480	0.7115309105753618	0.005559516182353861	0.015029527928259581	0.0
snp8852	1	44255	88510	0.7122475336320012	0.005553189898293095	0.015051564779387086	0.0
snp5249	1	26240	52480	0.7123184551841035	0.005503191570005584	0.014919896361660674	0.0
snp4627	1	23130	46260	0.7127242409545866	0.005462027501606759	0.01483018725045329	0.0
snp10076	1	50375	100750	0.7138428109472388	-0.005462776900866263	0.014892891003699008	0.0
snp6480	1	32395	64790	0.7138592720705219	-0.0054342584410389016	0.014816034171073134	0.0
snp10255	1	51270	102540	0.7156803906444527	0.0054728532035140266	0.015021224889111073	0.0
snp645	1	3220	6440	0.7159430268326692	-0.0054312686913438254	0.014921498345672315	0.0
snp1155	1	5770	11540	0.7161849358181669	0.0054181421738003985	0.014898698729388178	0.0
snp1848	1	9235	18470	0.7167825698656152	-0.005420135743129062	0.014937054340420726	0.0
snp5837	1	29180	58360	0.7173865334009757	-0.005377499046293814	0.01485265157528732	0.0
snp2644	1	13215	26430	0.7177212962152815	0.005394514137636198	0.014918110144484058	0.0
snp2692	1	13455	26910	0.7181725568761832	0.005391446320242832	0.01493456791252735	0.0
snp7816	1	39075	78150	0.7212155261342934	-0.005328476758724557	0.014928396875032727	0.0
snp4383	1	21910	43820	0.7227091332045492	0.005290994045255209	0.014906701333621814	0.0
snp9279	1	46390	92780	0.7232049791536337	0.005299140484969921	0.014957549525301565	0.0
snp9590	1	47945	95890	0.7237177451630434	0.005212320446559892	0.014740965251211635	0.0
snp2485	1	12420	24840	0.7246183498797869	0.00523050282090696	0.014842829437709162	0.0
snp977	1	4880	9760	0.7256118298960711	0.005232713553516839	0.014905146651104876	0.0
snp6354	1	31765	63530	0.726778388988266	0.005232519831872677	0.014970908472481913	0.0
snp6062	1	30305	60610	0.7273635541586405	0.005218802292969233	0.014965046111365305	0.0
snp3198	1	15985	31970	0.7305996745001101	0.005124264629476562	0.014877757245416625	0.0
snp2477	1	12380	24760	0.7308509195133	-0.00513473391191133	0.01492263396750744	0.0
snp9298	1	46485	92970	0.7312571593574977	-0.005216499665975342	0.015184105771782381	0.0
snp7091	1	35450	70900	0.7323925504307749	0.005123455261392148	0.014979092474502142	0.0
snp4616	1	23075	46150	0.7328485237305233	0.005055055475646882	0.014805348828624016	0.0
snp7627	1	38130	76260	0.733421348671082	0.0051116895705046106	0.015004669583389847	0.0
snp10256	1	51275	102550	0.7339088250535304	-0.005042071448852481	0.014828502733137535	0.0
snp6031	1	30150	60300	0.7371727888738484	0.004985605365393138	0.014851667945534445	0.0
snp5785	1	28920	57840	0.7374746856993014	0.004994547793510205	0.014896073905516677	0.0
snp1854	1	9265	18530	0.7378771371341539	0.00500266945110702	0.014944082592196341	0.0
snp6145	1	30720	61440	0.7390814966273417	0.004973055305316544	0.014926805575614223	0.0
snp8944	1	44715	89430	0.7392569713694401	0.004924125925951359	0.01479026541092265	0.0
snp8418	1	42085	84170	0.7394706672010634	-0.0049566676614561005	0.014900682118701294	0.0
snp8845	1	44220	88440	0.7396179789783837	-0.0049859041696982825	0.01499737244055472	0.0
snp4693	1	23460	46920	0.7416096555872781	-0.005094936343345281	0.015447899712970687	0.0
snp9397	1	46980	93960	0.742006821818225	0.004893059705760341	0.014859493089010158	0.0
csnp178	1	885	1770	0.7421593566713027	0.004902265328740849	0.014896581940373634	0.0
snp7917	1	39580	79160	0.7460575363511623	-0.004803128209740853	0.014827586531145048	0.0
snp6044	1	30215	60430	0.7464763884049442	0.004803817039402336	0.01485508877626797	0.0
snp2554	1	12765	25530	0.7475357319882372	-0.004795281200871937	0.014893126452701013	0.0
snp8866	1	44325	88650	0.7495558908472475	-0.004747945546379113	0.014869241450762414	0.0
snp3792	1	18955	37910	0.7498811740270155	-0.004806620878664649	0.0150732521664493	0.0
snp6441	1	32200	64400	0.7512115376498969	0.0047526996532140835	0.014986608638164109	0.0
snp1880	1	9395	18790	0.7541033096329068	-0.004779167302708603	0.015253324715287887	0.0
csnp134	1	665	1330	0.7544949350636923	-0.004658215595273154	0.014891799491840786	0.0
snp5268	1	26335	52670	0.7547094930040741	-0.004647526340493556	0.01487105573503176	0.0
snp8689	1	43440	86880	0.7562258966716231	-0.004617579128838455	0.014870185374161819	0.0
dsnp10542	1	52705	105410	0.7566631393419512	-0.006151152085494687	0.019845575359420754	0.0
snp9721	1	48600	97200	0.7593448178749325	0.004577936873894948	0.014939813067888176	0.0
snp5725	1	28620	57240	0.7595218179036463	-0.004526391184920093	0.014782816268731624	0.0
snp5687	1	28430	56860	0.7603739614287933	-0.0045416996143859655	0.01488723805692663	0.0
snp5011	1	25050	50100	0.7607747918816566	-0.004543108963988523	0.01491759835240342	0.0
snp1683	1	8410	16820	0.7614706258526363	0.004565579824373041	0.015036492172304669	0.0
snp4326	1	21625	43250	0.7623061424114281	-0.004467435922022566	0.014766596596793065	0.0
snp10498	1	52485	104970	0.7627957356045403	0.004534530730089171	0.015020268229348129	0.0
snp6646	1	33225	66450	0.7631457628657092	-0.0045076963239850405	0.014954130131573836	0.0
snp6952	1	34755	69510	0.7641228182482611	-0.0044684646769032705	0.014887276352008162	0.0
snp6205	1	31020	62040	0.7651575958023946	-0.004513801357666734	0.015106607706877367	0.0
snp7842	1	39205	78410	0.7670490860467474	0.004389542920528421	0.014813630986458003	0.0
snp10080	1	50395	100790	0.7678231443281196	-0.004417826219786796	0.014960265283081111	0.0
snp5411	1	27050	54100	0.768021757434488	-0.0044146128000432565	0.014962561595341652	0.0
snp7155	1	35770	71540	0.7686419226293102	0.004381129202212166	0.014890053149278359	0.0
snp1916	1	9575	19150	0.7696003577921824	0.0043714981130619215	0.014920937396995928	0.0
snp1392	1	6955	13910	0.7701810724467264	-0.004372877204343835	0.01496445663745751	0.0
snp8691	1	43450	86900	0.7713400057569809	-0.004321746037963639	0.014866605586845551	0.0
snp10147	1	50730	101460	0.7715343138922026	0.004326975020053538	0.014897615149943031	0.0
snp9784	1	48915	97830	0.7719076884187694	0.004362875309690017	0.015046510741907016	0.0
snp3644	1	18215	36430	0.7726318727452258	-0.004320786299235147	0.01495016956488617	0.0
snp9769	1	48840	97680	0.7731568174354057	-0.004318830823932158	0.01497896334527449	0.0
snp1033	1	5160	10320	0.7753235662996324	0.004234812779187471	0.014833183885501602	0.0
snp5363	1	26810	53620	0.7753618440524441	-0.004262921040438654	0.014934252703762826	0.0
snp1676	1	8375	16750	0.7756875778880924	0.004242221778335514	0.014883914470198104	0.0
snp7287	1	36430	72860	0.7764901280602055	0.00423064183790671	0.014898048966151127	0.0
snp2060	1	10295	20590	0.7766124145375563	0.00434271186653395	0.01530129979232157	0.0
snp8271	1	41350	82700	0.7782417414285313	0.004188161229527888	0.01486812179039457	0.0
snp4003	1	20010	40020	0.7793844789194269	-0.0042310574973886015	0.015100294461455126	0.0
snp8826	1	44125	88250	0.7795058549385828	0.004254408885787972	0.015192214171904864	0.0
snp8089	1	40440	80880	0.7801939466547277	0.00416444534747601	0.014918748459279938	0.0
snp2087	1	10430	20860	0.7802618154721994	-0.004155600326448507	0.014891781429650953	0.0
snp2188	1	10935	21870	0.7817262943057884	-0.004130339982982786	0.014903178565791639	0.0
snp3747	1	18730	37460	0.7821470429929425	0.004108795652696702	0.014854819316103168	0.0
snp1097	1	5480	10960	0.7825471243093298	-0.004117828653717015	0.014915577055013077	0.0
snp5722	1	28605	57210	0.7826775705276436	0.004126805315113895	0.014957296373422215	0.0
snp3157	1	15780	31560	0.7831071994832808	-0.0041414602880917575	0.015040911406304074	0.0
snp7556	1	37775	75550	0.7836304369387503	-0.004080345759199246	0.014855711619541268	0.0
snp7652	1	38255	76510	0.7840328440355249	0.004069548822810043	0.014844714071872678	0.0
snp7210	1	36045	72090	0.7859138154462904	-0.0040743824495617625	0.014996236089083854	0.0
snp7351	1	36750	73500	0.7859200303986953	-0.004039967124312052	0.01487000897075108	0.0
snp8523	1	42610	85220	0.7863534368785539	-0.004038929240608882	0.014897099579852937	0.0
snp3133	1	15660	31320	0.7865676143971041	0.004021287328909036	0.014847283614633805	0.0
snp545	1	2720	5440	0.787887384262257	-0.004017895948698229	0.014929349500114349	0.0
snp3995	1	19970	39940	0.7889939205810483	-0.003996808893742722	0.014930780511156002	0.0
snp10144	1	50715	101430	0.7894910484732834	0.003991966517495586	0.014948761205358232	0.0
snp2272	1	11355	22710	0.7897557689393716	-0.003943130744422521	0.014784925657931818	0.0
snp4734	1	23665	47330	0.7911955629131041	-0.003906711555983232	0.014751799941198296	0.0
snp8193	1	40960	81920	0.7917535044045416	-0.003902512359894462	0.014776360454360076	0.0
snp3011	1	15050	30100	0.7919703208736111	-0.003941328255337194	0.014939252391708171	0.0
snp8141	1	40700	81400	0.7924069355281016	-0.003906961290663953	0.014840866794548095	0.0
snp537	1	2680	5360	0.7925496739910303	0.003913358886848249	0.014875636393488552	0.0
snp9837	1	49180	98360	0.7937759743070598	-0.003916580481797732	0.014978478891528407	0.0
snp2667	1	13330	26660	0.793900866233672	0.003877509555209486	0.014838250826735528	0.0
snp2358	1	11785	23570	0.7951655795686658	-0.0038389419239544835	0.01478345551344592	0.0
snp3848	1	19235	38470	0.79591974433432	0.003845620148910064	0.014865144784003219	0.0
snp6338	1	31685	63370	0.7961906611700496	0.003828618371149993	0.014819542145395196	0.0
snp6065	1	30320	60640	0.7994894833287141	0.0038157573173885494	0.01501819209869607	0.0
snp3007	1	15030	30060	0.80584377875928	0.0036339423707032795	0.014780734518177909	0.0
snp3911	1	19550	39100	0.8062886074395408	0.0036419920737948987	0.014848186446909774	0.0
snp7431	1	37150	74300	0.8076322948566222	-0.003619787749907236	0.014862829715460027	0.0
snp8582	1	42905	85810	0.8078018310435133	-0.003599977968964047	0.014794790484800525	0.0
snp3782	1	18905	37810	0.8082452590055667	-0.0036078258720728764	0.0148620147070581	0.0
snp4534	1	22665	45330	0.8098259971637998	0.0035862315818046635	0.014898286798492396	0.0
snp1841	1	9200	18400	0.8101462833037711	0.0036053891003597098	0.015003634594472052	0.0
snp1939	1	9690	19380	0.8139665027658758	-0.0035038630849106335	0.014886339911432895	0.0
snp1872	1	9355	18710	0.8143664042259648	0.003499057402796669	0.01489854559146821	0.0
snp9422	1	47105	94210	0.8146993605679258	0.0034917593728202405	0.01489468269053676	0.0
snp10420	1	52095	104190	0.8152023641235946	0.003519935899423263	0.015056500244343882	0.0
snp2899	1	14490	28980	0.8155710346607449	0.0034547550167396213	0.014807773918599587	0.0
snp9788	1	48935	97870	0.816408968895059	-0.0034686544997420228	0.014936449461457727	0.0
snp4870	1	24345	48690	0.8164583406204025	0.003442725666185805	0.014828857058687245	0.0
snp9342	1	46705	93410	0.8168878309395218	0.0034531636644613197	0.014909336715124377	0.0
snp917	1	4580	9160	0.8180155033924095	-0.0034415361740659004	0.014952869592621829	0.0
snp8001	1	40000	80000	0.8189499203064737	-0.003422296998689049	0.014947387775559378	0.0
snp5771	1	28850	57700	0.8208436557469334	-0.0034093836830341178	0.015051156146877753	0.0
snp8764	1	43815	87630	0.8210661376198308	0.0034198623000208836	0.015116511571494958	0.0
snp10040	1	50195	100390	0.8222936024156784	-0.003333179541801223	0.014836872262724352	0.0
snp8065	1	40320	80640	0.822393524978059	-0.003354011795661544	0.014938144522065652	0.0
snp7867	1	39330	78660	0.8233829796490109	0.0033168615986695657	0.014856847045530022	0.0
csnp199	1	990	1980	0.8237444714176135	0.003338923971820673	0.014986856625185526	0.0
snp1717	1	8580	17160	0.8241231700447922	-0.0033052552379619596	0.014868211634308934	0.0
snp2721	1	13600	27200	0.8246911123754921	0.003272724237754527	0.014770362543257667	0.0
snp6425	1	32120	64240	0.8254551002775292	0.003340335489192501	0.015142578692765918	0.0
snp9206	1	46025	92050	0.8256367402107843	-0.0032652945844652	0.01481807227610822	0.0
snp8042	1	40205	80410	0.8261515414036795	0.003263220434211644	0.014853227507003589	0.0
snp1514	1	7565	15130	0.8272029666595753	-0.0032711886168616438	0.014981563732284084	0.0
snp10320	1	51595	103190	0.8273985601332088	-0.0032809838438787138	0.01504372582579504	0.0
snp6305	1	31520	63040	0.8279392303192471	-0.0032311835410131287	0.014862684571911741	0.0
snp3993	1	19960	39920	0.8283520654054094	0.0032386642510534806	0.014933493185226885	0.0
snp2657	1	13280	26560	0.8286144650827347	-0.003206542287261879	0.014808374162005766	0.0
snp3603	1	18010	36020	0.8295080958097145	0.003220642111868123	0.01495267662762655	0.0
snp3215	1	16070	32140	0.8302967789906449	-0.003211109841951582	0.014978786272016134	0.0
snp4665	1	23320	46640	0.8304430850576853	0.0032310523584669305	0.015085017881845917	0.0
snp7697	1	38480	76960	0.8304607352194108	0.003198791674538343	0.014935979180742595	0.0
snp7433	1	37160	74320	0.8310315166937756	-0.0031911643458945654	0.014951475264140248	0.0
snp6475	1	32370	64740	0.8319191783335691	0.0031832386468336263	0.01499431112507227	0.0
snp8534	1	42665	85330	0.8333702727771441	-0.0031787126305829493	0.01510535386200393	0.0
snp3382	1	16905	33810	0.8335411571775609	0.003146747578081646	0.014969034548604713	0.0
snp9290	1	46445	92890	0.8335976185601082	-0.003161521999524809	0.015044495099957438	0.0
snp2527	1	12630	25260	0.8337173010095558	0.0031249747130072756	0.014881442491708306	0.0
snp6731	1	33650	67300	0.8346943032107977	0.0031255063801593663	0.014973244561056458	0.0
snp4153	1	20760	41520	0.8368776961618113	-0.003123077678259769	0.015164787682224226	0.0
snp1169	1	5840	11680	0.8383920297886389	0.0030591895580553558	0.014995735432644998	0.0
snp4449	1	22240	44480	0.8392566877322041	-0.0030743285632915435	0.015152139830661458	0.0
snp6220	1	31095	62190	0.8402534358793354	0.00298908593532783	0.014825203186954707	0.0
snp4207	1	21030	42060	0.8424367648562678	0.00295250355694196	0.014849434326752528	0.0
snp2659	1	13290	26580	0.8426945478095893	0.0029599230540797612	0.01491146984309998	0.0
snp5536	1	27675	55350	0.8446904974578292	-0.0029161629921210194	0.014882301963562085	0.0
snp8403	1	42010	84020	0.8455123891741663	0.0029036662517016153	0.01489837755710898	0.0
snp6344	1	31715	63430	0.8458158600081386	0.002912500413123214	0.014973492619567787	0.0
snp9031	1	45150	90300	0.8459059083529228	-0.002900216089615176	0.014919161517686876	0.0
snp2708	1	13535	27070	0.8464714372249476	-0.0028718493498283587	0.014828346511055331	0.0
snp4942	1	24705	49410	0.8465653200451714	-0.002916028622817177	0.015065788103467584	0.0
snp7173	1	35860	71720	0.8471255626986809	-0.0029012889150781475	0.015045258174352349	0.0
snp4157	1	20780	41560	0.849343438802952	0.002843446682781442	0.014965069690417608	0.0
snp2900	1	14495	28990	0.8498407404386061	-0.002811704917680338	0.014847614773446554	0.0
snp1937	1	9680	19360	0.8532775627421488	-0.002778744947046286	0.01502137179749328	0.0
snp5751	1	28750	57500	0.8536285317444845	-0.0027869294615709274	0.015102154813924185	0.0
snp5225	1	26120	52240	0.8555030394782234	0.00272505291088246	0.014960592901809911	0.0
snp1425	1	7120	14240	0.8558367134956153	0.0027113348563036392	0.014920116828247959	0.0
snp2142	1	10705	21410	0.8564485014392162	0.0026987962333271318	0.014915111462544152	0.0
snp1673	1	8360	16720	0.8597221546691327	0.0026376248667010216	0.014920923446010956	0.0
snp9364	1	46815	93630	0.8603045493614844	-0.002628411862281208	0.014931443422998422	0.0
snp5434	1	27165	54330	0.8605482651972676	0.002604093592758131	0.014819419114533133	0.0
snp3645	1	18220	36440	0.8609619909141453	0.002608589409551459	0.014889634468419654	0.0
snp3977	1	19880	39760	0.8634428355816807	-0.0025444907277370247	0.014790312367225576	0.0
snp1427	1	7130	14260	0.8641088966645248	0.0025353989044104436	0.014810414990217955	0.0
snp10001	1	50000	100000	0.8644290449404444	-0.0025503426040959054	0.014933234195249194	0.0
snp998	1	4985	9970	0.866728322480114	0.002502657884002162	0.014909294649712438	0.0
snp5003	1	25010	50020	0.8672132569513482	-0.0025277237431580077	0.015114134367162512	0.0
snp4807	1	24030	48060	0.8673204607030223	0.00248859470050461	0.014892304108023313	0.0
snp2214	1	11065	22130	0.871398957033088	0.0023950144874574897	0.0147910307139783	0.0
snp766	1	3825	7650	0.8733485394124234	0.0023641235600750316	0.01482696300054338	0.0
snp6833	1	34160	68320	0.8734749671219023	0.0023534680457811524	0.014775009779782244	0.0
snp4138	1	20685	41370	0.8750577642675471	0.002355105752919373	0.01497417835801739	0.0
snp2462	1	12305	24610	0.8763718323439271	0.0023294420456355883	0.014969731864676246	0.0
snp759	1	3790	7580	0.8766302050633727	0.0023053932377004073	0.014846465618159305	0.0
snp3555	1	17770	35540	0.8774592776124476	-0.0022994316718742166	0.01490906784787868	0.0
snp1190	1	5945	11890	0.8781496950008054	-0.0022724768077369076	0.014818447795579727	0.0
snp5299	1	26490	52980	0.8788965660124282	-0.002258132654941351	0.014816437372304871	0.0
snp2327	1	11630	23260	0.8798304121599014	0.0022455019481027083	0.014848946219246647	0.0
snp8356	1	41775	83550	0.8804081472365587	0.0022445360090618703	0.014914809757736961	0.0
snp6077	1	30380	60760	0.8818546673598683	-0.002226722151742935	0.014978965612298393	0.0
snp5012	1	25055	50110	0.8848334512400141	-0.00217220296668353	0.014992928334796742	0.0
snp5467	1	27330	54660	0.8851892935206424	0.002190624014810404	0.01516726563748884	0.0
snp7333	1	36660	73320	0.8858240582102326	0.002139877933190673	0.014898857653956883	0.0
snp6664	1	33315	66630	0.8875155305853512	0.0021509932348611044	0.01520299614323241	0.0
snp9067	1	45330	90660	0.8891517823647015	-0.002119966972334274	0.015206355397215678	0.0
snp10049	1	50240	100480	0.8895231716297809	0.002067103932702345	0.014877341366655732	0.0
snp7934	1	39665	79330	0.8914001155843013	-0.002038825594266394	0.014929051801489417	0.0
snp9062	1	45305	90610	0.8914635677272665	0.0020563354404870265	0.015066123203504308	0.0
snp5489	1	27440	54880	0.8930466329562168	0.001999349517156093	0.014866768648302182	0.0
snp4758	1	23785	47570	0.8953987328856081	0.0019767791164502684	0.015031444546397588	0.0
snp2405	1	12020	24040	0.8962260290429617	-0.0019808297850290313	0.015183016094105219	0.0
snp9100	1	45495	90990	0.897863010571662	0.0019189300830854486	0.014945627555439314	0.0
snp1794	1	8965	17930	0.9000148219658264	0.0018862574631202905	0.015009055252409722	0.0
snp7415	1	37070	74140	0.9009934288041617	0.0018493692778692552	0.01486175124782869	0.0
snp8710	1	43545	87090	0.901282151662939	0.001850297718248319	0.014912925766523689	0.0
snp8034	1	40165	80330	0.90214516905833	0.0018225347282282518	0.01481937679127458	0.0
snp1213	1	6060	12120	0.9042175358579181	-0.0018040158879289276	0.014987762672001661	0.0
snp7011	1	35050	70100	0.9053726004345812	-0.0017696515221853383	0.014882590747644	0.0
snp2526	1	12625	25250	0.9059495365421488	0.0017789688930517449	0.015053157076790795	0.0
snp9588	1	47935	95870	0.9062218668675528	0.0017522083548302753	0.014869974070340177	0.0
snp9325	1	46620	93240	0.9063364762665187	0.0017397794434486826	0.0147826472704043	0.0
snp10487	1	52430	104860	0.9064383190045169	-0.0017762578855652794	0.015109103695836026	0.0
snp5008	1	25035	50070	0.9067758150237581	-0.0017400053655703951	0.014854564449538107	0.0
snp9976	1	49875	99750	0.9074036990378145	0.00173650023473702	0.01492562482956237	0.0
snp2924	1	14615	29230	0.9077338178407799	-0.0017402713379518291	0.015011798578826042	0.0
snp7418	1	37085	74170	0.9087119045754216	-0.0017183172879783094	0.014981942069450655	0.0
snp7800	1	38995	77990	0.9090076053580495	-0.001713614604784738	0.014989706911111761	0.0
snp4898	1	24485	48970	0.909511937819343	0.0016912322406724659	0.014876731909904998	0.0
snp3005	1	15020	30040	0.9111126189879135	0.0016714736834942824	0.014968832366503875	0.0
snp2072	1	10355	20710	0.9112029342804171	0.0016846629769094758	0.01510235755618965	0.0
snp777	1	3880	7760	0.9122173565279184	-0.001648537541816166	0.014949995063651089	0.0
snp4852	1	24255	48510	0.912242327880598	0.001644884887625338	0.014921132294560985	0.0
snp6640	1	33195	66390	0.9133015956625742	0.0016806567217723058	0.01543264815405165	0.0
snp6497	1	32480	64960	0.9137733287866697	0.0016258010753146073	0.015010932636151187	0.0
snp1296	1	6475	12950	0.9156380963822284	-0.0015697880205811753	0.014815386120256032	0.0
snp9782	1	48905	97810	0.9158389148316175	0.001609386884499705	0.015225492261719514	0.0
snp7809	1	39040	78080	0.9171732894370587	-0.0015478890328725105	0.014880486941554989	0.0
snp9920	1	49595	99190	0.9173414725031722	0.001557318201183117	0.015001704835471356	0.0
snp795	1	3970	7940	0.9200907674435226	0.0014964567667585915	0.014913147485885231	0.0
snp6404	1	32015	64030	0.9208815917846452	0.001485817862058933	0.014955623689155716	0.0
snp4076	1	20375	40750	0.9215738496315251	-0.0014711498453811726	0.014939119164172274	0.0
snp9172	1	45855	91710	0.9218350269235015	0.0014642555119709247	0.01491895296484474	0.0
snp3233	1	16160	32320	0.9238659087114216	0.0014097508923970417	0.014747986483146127	0.0
snp4543	1	22710	45420	0.9239773847827978	-0.0014334420840482795	0.015017886136803108	0.0
snp9910	1	49545	99090	0.9242496704456079	0.001419234839172225	0.014922649127126814	0.0
snp5948	1	29735	59470	0.9247072590517629	-0.0014035053587644689	0.014847217351124903	0.0
snp10478	1	52385	104770	0.9259647473825429	0.0013747810365640528	0.01479110266345804	0.0
snp10315	1	51570	103140	0.9264055445815839	0.0013744032251607483	0.01487586042124798	0.0
snp6684	1	33415	66830	0.9275568511055661	-0.0013543352747902343	0.014892277732847193	0.0
snp5426	1	27125	54250	0.933938173648709	0.0012329263503271161	0.014870304601382282	0.0
snp1702	1	8505	17010	0.9341409573326578	-0.001235718044051036	0.01494997059195736	0.0
csnp207	1	1030	2060	0.9345201465229261	0.0012205388473572822	0.014852034959658133	0.0
snp9730	1	48645	97290	0.9360520661385417	-0.0011866925151879884	0.014786874870466045	0.0
snp9050	1	45245	90490	0.9363930014373599	-0.0011935236583536211	0.014951880241953748	0.0
snp6239	1	31190	62380	0.9374027223900386	0.001159989891300171	0.014766684582168151	0.0
snp2848	1	14235	28470	0.9374249037202795	-0.0011865194352856786	0.015109771156074963	0.0
snp7862	1	39305	78610	0.938096812395695	-0.0011643453182648177	0.014988663170204456	0.0
snp1459	1	7290	14580	0.9381507512301358	-0.0011469101831252707	0.014777121835057506	0.0
snp8705	1	43520	87040	0.9385380530110246	-0.0011607109292381152	0.01504936203640053	0.0
snp7085	1	35420	70840	0.9426389816117082	0.0010764492327052341	0.014956593172381027	0.0
snp10252	1	51255	102510	0.9442500551644024	0.0010563575187233234	0.015102306271704445	0.0
snp5574	1	27865	55730	0.9443581026021295	0.0010459726136207714	0.014982922884909428	0.0
snp7010	1	35045	70090	0.945298211377074	-0.001024791942523508	0.01493221310088469	0.0
snp6872	1	34355	68710	0.9453647897912978	0.0010185982825877341	0.014860080303400195	0.0
snp4826	1	24125	48250	0.9460843899173962	0.0010008889166785403	0.014796912583105198	0.0
snp3629	1	18140	36280	0.9476895868616628	0.0009825507794119152	0.014972215469923653	0.0
snp1274	1	6365	12730	0.9482800576831762	0.0009585823538032538	0.014773983945051994	0.0
snp9068	1	45335	90670	0.9483145826189694	-0.0009692477179236026	0.014948354598934236	0.0
snp4724	1	23615	47230	0.9486488603540573	0.0009765750131587871	0.015159542136335436	0.0
snp3402	1	17005	34010	0.9489773909825291	0.0009598031653099604	0.014995257106760907	0.0
snp8284	1	41415	82830	0.949668344365912	-0.0009413792818042731	0.01490959381307125	0.0
snp1324	1	6615	13230	0.9500649911317901	-0.000940757724002074	0.015018259081933804	0.0
snp5213	1	26060	52120	0.9504649104324037	0.000934537069686553	0.015039557213697648	0.0
snp9596	1	47975	95950	0.9511443486324647	-0.0009202218148658462	0.015015396823320074	0.0
snp729	1	3640	7280	0.9532040135730672	-0.0008764396927361781	0.014931210068667428	0.0
snp9410	1	47045	94090	0.9540599379393864	0.0008582113199900932	0.014893380662302476	0.0
snp6334	1	31665	63330	0.9544758771780922	0.0008506631605789886	0.014897418126399692	0.0
snp6378	1	31885	63770	0.9552587918658897	0.0008336527777358956	0.014855269113726362	0.0
snp2969	1	14840	29680	0.9553462834545595	0.0008318778861109205	0.014852716435063227	0.0
snp2702	1	13505	27010	0.9558042162043376	-0.0008258233852258094	0.014897551605061706	0.0
snp8867	1	44330	88660	0.9570069311195056	-0.0008084661309119544	0.014992839987150994	0.0
snp10166	1	50825	101650	0.957194086571898	0.0008052427536756782	0.01499841649837182	0.0
snp6773	1	33860	67720	0.9582479203936115	0.000782684039205772	0.014946547302364586	0.0
snp5890	1	29445	58890	0.9582513211907889	-0.000778590598242998	0.014869589063150095	0.0
csnp103	1	510	1020	0.9616118636954185	-0.0007224380951070979	0.015006066438641729	0.0
snp8594	1	42965	85930	0.9617285242740615	-0.0007262929118709629	0.015132158129129967	0.0
snp1578	1	7885	15770	0.9624782724437971	-0.0007002074030573023	0.01488040065593891	0.0
snp3086	1	15425	30850	0.963540462850323	-0.0006822250726637925	0.014920941786642817	0.0
snp2367	1	11830	23660	0.963796691383787	0.0006760906508922354	0.01489150189744209	0.0
snp5662	1	28305	56610	0.9649610916712503	0.000655861667777196	0.014926327675339626	0.0
snp6068	1	30335	60670	0.9650420700215657	0.0006571417552773775	0.01499012625100427	0.0
snp7759	1	38790	77580	0.9662022959049917	-0.0006248482333920985	0.014743085184197632	0.0
snp10268	1	51335	102670	0.9667625028376975	0.0006226550666027115	0.014939102986027035	0.0
snp4285	1	21420	42840	0.9691451888395985	-0.000578745348177166	0.01495847544213718	0.0
snp6663	1	33310	66620	0.972263207355498	-0.000518029803156032	0.01489505243376579	0.0
snp8696	1	43475	86950	0.9737106739748028	-0.0004921625899522068	0.014930748739214258	0.0
snp3428	1	17135	34270	0.973762080110629	0.0005000603660556921	0.015200076738474675	0.0
snp9765	1	48820	97640	0.9760373156328089	-0.0004486945183922725	0.014934168845189805	0.0
snp4208	1	21035	42070	0.9769766367653611	-0.00043294788468359747	0.014998148360889094	0.0
snp4840	1	24195	48390	0.9790100321673721	0.000394429583505698	0.014987827692290956	0.0
snp6878	1	34385	68770	0.9794872851684637	0.00038264618162839526	0.014878442854758894	0.0
snp7141	1	35700	71400	0.979727456821022	-0.0003796440834289826	0.014936634624039448	0.0
snp1189	1	5940	11880	0.9798847134328236	-0.00038481283710689677	0.01525837929643147	0.0
snp4930	1	24645	49290	0.9799841438426572	-0.00038376437523374304	0.015292413024032047	0.0
snp8772	1	43855	87710	0.9802321408526743	-0.00037806735174036415	0.015254437389264887	0.0
snp5106	1	25525	51050	0.9805745015285973	-0.0003646740813611466	0.014973416723445182	0.0
snp617	1	3080	6160	0.981915514962637	0.0003365556853210398	0.014843786529527942	0.0
snp2370	1	11845	23690	0.9819767505952263	0.00033901641141146136	0.01500312739895087	0.0
snp9764	1	48815	97630	0.9851046227410408	0.0002785411624541115	0.01491570450305097	0.0
snp9521	1	47600	95200	0.9851716645793448	-0.0002757082437734947	0.014830762218344831	0.0
snp4004	1	20015	40030	0.9860250679371781	-0.0002606597405922956	0.014877610148404998	0.0
snp5080	1	25395	50790	0.9875263189229866	0.0002325006640920502	0.01486767313598003	0.0
snp747	1	3730	7460	0.9884121938061222	0.00021753105221437397	0.014973933765036727	0.0
snp1201	1	6000	12000	0.991139364340222	-0.0001660902734540944	0.014952077585209991	0.0
snp3175	1	15870	31740	0.9935067890221159	-0.00012203260039268488	0.014991417930346446	0.0
snp6242	1	31205	62410	0.9954363069836314	-8.50783526904879e-05	0.014870700905116323	0.0
snp9221	1	46100	92200	0.9961350821512627	-7.371283891997704e-05	0.015213611837757206	0.0
snp6180	1	30895	61790	0.996798481195147	6.0084008779532226e-05	0.014970380460376954	0.0
snp9833	1	49160	98320	0.9990973405748091	-1.684358207045256e-05	0.014884752211579692	0.0
